25.0 25.0 -0.49997637681 0.899800287425 0.00014612316126471614 0.0008525113583062916
25.0 25.0 -0.499971005341 0.899740802191 0.00031865904284952775 0.0006407658891699556
25.0 25.0 -0.000101040812844 0.799759107702 0.0004535938890701237 0.00034150547791351706
25.0 25.0 -0.400001421475 0.799916096272 0.00020206401415202258 0.0006984239113295817
25.0 25.0 -0.39995737464 0.79989807354 0.0004989266520663409 0.00040401030450947835
25.0 25.0 -0.419839603751 0.696569287598 0.0006339660871174488 0.00041876033937469584
25.0 25.0 -2.82725436903e-05 0.399972361715 0.0005802719770055011 0.0002980914417583772
25.0 25.0 -0.499501865182 0.499506233092 7.791029916893919e-05 0.0013545631401292479
25.0 25.0 -0.599969375919 0.599983044885 0.0003184449376261703 0.0013519979344915039
25.0 25.0 -0.899630844556 0.899744041859 0.0005351131409807904 0.0013442883645361486
25.0 25.0 -0.79984246617 0.799896216638 0.00024694241282648176 0.0016454374124865467
25.0 25.0 -0.59991105657 0.599991817414 0.0006189306372100316 0.0009256975734547559
25.0 25.0 -0.799757681307 0.79991875486 0.0003754782772018139 0.0014032226367097383
25.0 25.0 -0.799706344643 0.799953513119 0.0005687689813682454 0.0010797895728070976
25.0 25.0 -0.899685955589 0.89978825606 0.0002043051080257717 0.0018696000771243526
25.0 25.0 -0.60044573861 0.399946655751 0.0005358739835541301 0.0016633775696038326
25.0 25.0 -0.5999577114 6.12476786775e-06 0.00019331954906786497 0.004742014187352581
25.0 25.0 -0.600395197698 1.8785807689e-05 0.00039632516224039153 0.004260539276736692
25.0 25.0 -0.299953615163 1.65175497463e-07 0.0009274898915883834 0.0016801194912133535
25.0 25.0 -0.754550131217 0.342871950237 0.0006450610932434335 0.002395584259998264
25.0 25.0 -0.899655944881 8.13851291628e-06 0.00020935825220368378 0.008247560534487663
25.0 25.0 -0.499501999999 1.40554629323e-07 0.000715321513645466 0.00255008995435315
25.96153846153846 24.038461538461537 -0.000137820591851 0.686524741271 0.0012804942434576183 0.0002053655591662134
26.292081555239452 23.70791844476055 -0.136747559106 0.434629127864 0.0014552440947919437 8.985687609652924e-05
26.514795678722408 23.485204321277596 -0.00557946036246 0.74181966415 0.0016138540182504251 0.00025513399609084744
27.011494252873565 22.98850574712644 -0.827690099067 0.734106450265 0.0026029029536391757 0.0006032066668054649
27.29336966394187 22.70663033605813 -5.04190424195e-05 8.54380825816e-05 0.0006095770303463153 0.0008320940747852887
27.77777777777778 22.22222222222222 -0.200029263751 0.799999064759 0.0044865874100303875 0.0011260098054846235
27.77777777777778 22.22222222222222 -0.400165224501 0.799955150829 0.004556728083711644 0.0007134983473991619
27.77777777777778 22.22222222222222 -0.600308998951 0.799911337065 0.005191550758137087 0.0005668416483778567
27.77777777777778 22.22222222222222 -0.800402621097 0.400002069057 0.0020127581326775147 0.0014904679944443028
27.827050997782703 22.172949002217297 -0.799743761785 0.511790929031 0.0023186842024721047 0.0009470758808429047
28.503869303525363 21.496130696474633 -0.0949460823579 0.55447978185 0.003819503239632077 0.0006127705784812955
29.044425817267392 20.955574182732605 -0.58129509439 0.799911831499 0.007843701992929367 0.0013399132497983273
29.157982492705294 20.842017507294706 -0.710930082225 0.22042719202 0.0021473850678040527 0.0017187035916384564
30.0 20.0 -0.000163735472698 0.799716266708 0.009139482924275124 0.004287701133202073
30.0 20.0 -0.200319096228 0.799729259729 0.010484772460658532 0.004171203878054758
30.0 20.0 -0.499517 0.499464999999 0.006377823767852844 0.00046727296375330494
30.0 20.0 -7.89224863575e-05 0.400144299241 0.004190715335115441 0.0006530495756492979
30.00799680127949 19.992003198720514 -0.499523999999 1.33703095489e-07 0.0013708764565001615 0.0019097565110816333
30.00799680127949 19.992003198720514 -0.499520000002 2.1691434624e-07 0.0015633883621418675 0.0017317162947729503
30.00799680127949 19.992003198720514 -0.499515 2.97155851127e-07 0.0009317283040550693 0.00245799162621682
30.717315850366372 19.282684149633628 -0.327588339957 0.747191606962 0.6808924629308812 0.6833684055960995
31.536189069423923 18.46381093057607 -0.787563932112 0.767468791042 0.009002576941796382 0.000805150934179621
31.818181818181817 18.181818181818183 -0.60033405856 0.799750317529 0.013418075989330813 0.003132566168626156
31.818181818181817 18.181818181818183 -0.200272386321 0.799947173544 0.017003107020978483 0.008037617399665534
31.818181818181817 18.181818181818183 -0.000170754961429 0.799951635257 0.015088656016168423 0.008229357724866748
31.818181818181817 18.181818181818183 -0.800442597331 0.399980064359 0.004124938613593777 0.0009619837753234014
32.332155477031804 17.6678445229682 -0.499967317873 0.40000742801 0.00019888792624941063 0.00033920326453449224
32.344632768361585 17.65536723163842 -0.000150020652343 0.000126418627088 0.00220113475557752 8.321933718465746e-05
33.32777592530844 16.672224074691563 -0.371315271613 0.849659288808 0.01961625437734732 0.008061478826092488
33.333333333333336 16.666666666666668 -0.37139537059 0.849721809296 0.020509240876684678 0.008653784172982957
33.333333333333336 16.666666666666668 -0.871278761122 0.849690979699 0.009256936967562317 0.0004588989432097236
33.333333333333336 16.666666666666668 -8.5587540528e-05 0.400023168065 0.009559764551787576 0.0031508437476708497
33.333333333333336 16.666666666666668 -0.871221610864 0.849674936374 0.010415062793747798 0.0008114677758682329
33.333333333333336 16.666666666666668 -0.200242586132 0.399964801451 0.010530030883657452 0.002611268782900888
33.333333333333336 16.666666666666668 -0.300023644158 1.38869513916e-05 0.003427939082419218 0.00020871837412218925
33.333333333333336 16.666666666666668 -2.34575632498e-05 0.599955526173 0.012497194601756358 0.0054805696048884234
33.333333333333336 16.666666666666668 -0.600025546151 0.599910029522 0.00953947912051148 0.0008638500437805685
33.333333333333336 16.666666666666668 -0.299962121951 0.299942734926 0.007884987031660276 0.0008904331147691581
33.333333333333336 16.666666666666668 -0.600463016195 8.2298871945e-05 0.002891861881507622 0.0015160592700074853
33.333333333333336 16.666666666666668 -6.6674636096e-05 1.11438952571e-05 0.002554420242017291 4.046356194198741e-05
33.333333333333336 16.666666666666668 -0.299962133468 2.79071344433e-07 0.003532878159704712 0.00012837383390181176
33.333333333333336 16.666666666666668 -7.01521110662e-05 5.46510638418e-06 0.0024405293431733286 4.107895376678709e-05
33.333333333333336 16.666666666666668 -7.90813341498e-05 1.95373356626e-05 0.002538851451791936 4.378808112102969e-05
34.52012383900929 15.479876160990711 -0.56238403105 0.799554209014 0.01739779530918112 0.004583586257292587
35.7428001140576 14.2571998859424 -4.65916814044e-05 6.04868629585e-05 0.0034030998175398493 9.338271846885367e-05
36.22968879096668 13.770311209033325 -0.79991670978 0.510738937044 0.006244710792890398 0.0005204490597958068
37.18277364778262 12.81722635221738 -0.560337195822 0.297379597643 0.007470666668523461 0.0002993014559172751
37.496874218554645 12.50312578144536 -0.731289774044 0.849542066773 0.009425965978491515 0.0004160722630150938
37.496874218554645 12.50312578144536 -0.231199993194 0.849563739591 0.032569091276125305 0.017173016454945553
37.496874218554645 12.50312578144536 -0.231337470049 0.849650153905 0.02966416097951071 0.015232557260630794
37.5 12.5 -0.600007504898 0.599874699581 0.011533363366727369 0.001097057497022721
37.5 12.5 -0.400131353646 0.599860236395 0.017120402244694674 0.004640917988103607
37.5 12.5 -0.400019796971 0.599962415787 0.015198558397339051 0.0036008650092237693
37.5 12.5 -0.29996490158 0.29993183401 0.009646588282419656 0.0013141924059130658
37.5 12.5 -1.10599045721e-05 1.78119030986e-05 0.004376549206422121 0.00035249700737587753
37.5 12.5 -1.05530324988e-05 1.83057071454e-05 0.004395688978937949 0.0003471113970232506
37.5 12.5 -0.599972302918 0.399920723315 0.006495131938910312 7.261469053797949e-05
37.5 12.5 -0.600097982423 0.39993558169 0.008037003437150754 0.00028444688384475383
37.5 12.5 -4.0481352936e-06 0.300036137872 0.01367973015038322 0.0051509084068916185
37.5 12.5 -0.299890927331 0.300029786693 0.011238773560039479 0.001925565664034891
37.5 12.5 -0.299964800386 3.47100198462e-07 0.005706603551655219 0.00011394578874448343
37.50312421894527 12.496875781054738 -0.499548000001 2.06568101878e-07 0.003191478550248457 0.0006328361564343474
37.50312421894527 12.496875781054738 -0.499522999999 1.37834671804e-06 0.1771795312382985 0.1483182661378532
37.50312421894527 12.496875781054738 -0.499540000001 5.5678425188e-07 0.003352721871410618 0.0006429600773451043
37.963408762638416 12.036591237361579 -0.799835090459 0.776581052306 0.008625283464129491 0.00043331031117284244
39.589839683531125 10.410160316468874 -0.0632926200764 0.799435478662 0.04162680831097096 0.02602180825578099
39.997999599919986 10.002000400080014 -0.400122375595 0.799573508649 0.01865437824757457 0.005669866084170116
40.0 10.0 -0.800104103114 0.399994744543 0.003196700848271747 0.0019066472655796514
40.0 10.0 -0.400157996595 1.10551569418e-05 0.005064846858347426 0.0004893255127190062
40.0 10.0 -0.800084059375 5.52061940001e-05 0.00393051564248551 0.0018236440375550998
40.001999600079984 9.998000399920015 -5.6267346621e-05 3.31066344035e-05 0.005605542707935445 0.0007176864323006345
40.907437715948355 9.092562284051647 -3.10587804758e-05 1.18124463214e-05 0.005226068260424758 0.0006221136048836149
41.18321283724211 8.81678716275789 -0.497006150578 0.799291167681 0.010137053950198054 0.0014728137315260976
41.66944351882706 8.330556481172943 -0.499549 5.58927267666e-07 0.0016572043130639734 0.001590802462927706
42.97555493116044 7.024445068839562 -0.800020655995 0.672689436685 0.001753930656712272 0.003514451713913741
43.41151666886283 6.588483331137172 -0.789279466255 0.067288608463 0.0016966223149203867 0.0034110056094356273
43.70673379483952 6.293266205160478 -0.481394701355 0.524815031624 0.001301177285943772 0.0018652249796965667
44.32398683164944 5.67601316835055 -0.608065856225 0.79948651348 0.0012700099788573065 0.0037877939693720265
44.442591975102815 5.557408024897188 -0.800081791609 0.799422203386 0.001383169431901083 0.005736995374488116
44.4438270918991 5.556172908100901 -0.737223078647 0.207443309863 0.0016525215627868248 0.008404221934790018
44.44444444444444 5.555555555555555 -0.397739663849 0.00147795234662 0.0025754618971138327 0.002335065718053813
44.44629567921803 5.553704320781962 -0.499559 4.97758467292e-07 0.0002647387263957846 0.005720426447153504
44.44629567921803 5.553704320781962 -0.499559 4.96475638347e-07 0.000403834628338819 0.006662033631201664
