1.0 -0.5257898410795575 -0.470684177846 -0.793448844324 0.00034910047561300344 8.973206407709294e-05
1.0 -0.49905811329377875 -0.40000233413 -0.799860789321 0.0002508522499378576 6.31775249857403e-05
1.0 -0.49903331942370793 -0.399974420371 -0.799829092286 0.00024677675615564215 5.701899002171492e-05
1.0 -0.2496496491817965 -0.200198064124 -0.400023432845 0.0003841260484810555 0.00010199919396034142
1.0 -0.16642944588985784 -7.69375917008e-05 -0.400061942952 0.0007693527369699082 0.0002124369185659347
1.0 -0.7483136660002743 -0.899568306491 -0.899568805382 0.0002984297354187953 4.317536108692683e-05
1.0 -4.4133571960011504e-05 -5.32285340701e-05 -5.28798410678e-05 0.000882648231623483 0.00011510158097951425
1.0 -0.6652742318574514 -0.799744603788 -0.799744506848 0.0004113930820939934 0.00012766640972798943
1.0 -0.6653725656342832 -0.799862764462 -0.79986276568 0.0003058661000545333 5.600436099018869e-05
1.0 -0.8062727167425752 -0.969242733008 -0.969242734905 0.000493031419054554 8.225219756281863e-05
1.0 -0.3639400621356372 -0.437502219052 -0.437502611189 0.00013453503187524615 4.401786914419513e-05
1.0 -0.3639946194686106 -0.437567999996 -0.437568000003 0.00046031720464740397 0.00023865830726994093
1.0 -9.450103085907964e-08 -1.13493976198e-07 -1.1371062991e-07 0.00041985322724358287 6.233041213207491e-05
1.0 -2.4239486690136282e-09 -3.67050658542e-09 -2.1572848954e-09 0.0006269890052903644 4.501011934810151e-05
1.0 -0.3640094444644071 -0.437585851205 -0.437585791869 0.00014788426003737112 3.739963830249829e-05
1.0 -0.16635518460767257 -0.199980174996 -0.199980162465 0.00030350646113261266 5.168802632240801e-05
1.0 -0.499091594706239 -0.599971830692 -0.599971790623 0.0002347384775534896 5.57943536070663e-05
1.0 -0.665287005578177 -0.799759895663 -0.799759926259 0.0002828203350843997 5.056743545547652e-05
1.0 -0.6653896258802036 -0.799883141338 -0.799883405991 0.00031095844754803055 5.1190372571721144e-05
1.0 -0.36399681522750443 -0.437570604757 -0.437570674407 0.0007186185838425242 0.0005199719446089831
1.0 -0.4990792091119292 -0.599956872698 -0.599956970486 0.00024361303111115098 6.148667229244967e-05
1.0 -0.36397089395637167 -0.43753905849 -0.43753989932 0.00014190635263234126 4.284285468083314e-05
1.0 -0.665643013058407 -0.800507256936 -0.799868497864 0.00040151996541501256 0.0001294553444301565
1.0 -0.14381164178328318 -0.244009450608 -0.101750454105 0.0006127773162006163 0.00012916945873675152
1.0 -0.12480358844242964 -0.300027884029 -3.18073325862e-05 0.0006205562602920846 0.00010855977547400192
1.0 -0.08322856813270824 -0.200049571205 -5.31564332134e-05 0.0014351417069213758 0.0014271277532125085
1.0 -0.41610026788216814 -0.600419715134 -0.399991567221 0.00033877724219616293 0.00012644422156883186
1.0 -0.24954849465819878 -0.599968038285 -1.02573825843e-05 0.00031270254424619747 6.668855459959134e-05
1.0 -0.3639297817000266 -0.62496553542 -0.250014578029 0.00023515596319267402 7.525852355578091e-05
1.0 -0.3639108907849734 -0.624943094889 -0.249991599977 0.0001555235706317808 3.693855144130307e-05
1.0 -0.4027416022087699 -0.768582826408 -0.199710812945 0.0002672905037018165 8.090915122035729e-05
1.0 -0.5821589828589646 -0.89969091504 -0.499967916089 0.00032476455074230756 6.542169896938829e-05
1.0 -0.5821896833891503 -0.899729295006 -0.500003348036 0.00031193109975465304 5.762862503152306e-05
1.0 -0.37421405134696634 -0.899697323271 -8.80018021692e-06 0.00016477063234217993 4.319581126143833e-05
1.035 -0.09782130355942854 -0.228140654772 -0.0023649462548 0.0008957378989690406 0.00024492462086820606
1.147 -0.05090503254000242 -0.10523681485 -0.00913355549311 0.0007779520737285418 8.91515410876398e-05
1.198 -0.2701926685501418 -0.207346713189 -0.469549068806 0.0002528138050218725 6.205691310341618e-05
1.25 -0.572698860189509 -0.600343576112 -0.799705774072 0.00032679896247622616 0.00012572420877293166
1.25 -0.3837274474045108 -0.200311794727 -0.799851515689 0.00024581516977659125 0.00011994933672350105
1.25 -0.2891421317908825 -0.000149024791456 -0.799840810175 0.0001476373975722653 0.00019539317328390196
1.25 -0.144611324930712 -2.50830978559e-05 -0.400096424635 0.00029749071449377304 5.862528640702266e-05
1.25 -7.370490859990373e-05 -0.00013651341692 -2.54535974111e-05 0.0015782667659602376 0.0004511962444822959
1.25 -0.5227307991851342 -0.800380232098 -0.399912485223 0.0003547145077536901 9.816334202492363e-05
1.25 -0.00017341069539842687 -0.000192360521025 -0.000228315852947 0.0017211887760815174 0.0006627039893948549
1.33 -0.6559348840259709 -0.775210026528 -0.799590852351 0.0003717888788921326 0.00010094632168678035
1.5 -0.35924303942674973 -0.200141045564 -0.79961715359 0.0001655161098539182 0.00020175016215781135
1.5 -0.2553267999637499 -2.40141393725e-05 -0.799626364917 0.00023937664885394523 0.0005908789671166449
1.5 -0.5433529692123791 -0.800477735367 -0.399857317341 0.00042584691345280435 0.00017389864199806703
1.519 -0.6305182516712078 -0.728628690705 -0.789301138518 0.00048364777939070337 0.00015562794391564905
1.548 -0.5184848326136636 -0.799842483725 -0.309608332274 0.0006012075721430776 0.00026550039257614927
1.55 -0.5433750850026878 -0.556963537106 -0.799605839673 0.0002594495638126085 0.00011749495491966692
1.75 -0.45210711032550327 -0.400215110803 -0.799697471412 0.00018461086344520816 0.0001844117176161639
1.75 -0.5638831292235241 -0.600338007814 -0.799691059416 0.0002965308043933322 0.00012103482437392143
1.75 -0.11436806104061967 -7.61016936479e-05 -0.399993170413 0.00039877763254240507 9.555791112454503e-05
1.75 -0.5615037026095012 -0.800622655698 -0.399970548673 0.0007180383745221998 0.00032811128380475895
1.78 -0.3380120712965579 -0.399972321385 -0.399963393192 0.00011773714568653246 0.00020411049887734232
1.994 -0.047256500034354096 -0.0210236458802 -0.134366672087 0.0018214138806591721 0.00031875186051614926
2.0 -0.29588544285571783 -0.128687213665 -0.849603774745 0.0001561707321122885 0.0007959801900375089
2.0 -0.2958863652288318 -0.128717085261 -0.8495389662 0.00016991671334558393 0.0008504118555901083
2.0 -0.7227826903026204 -0.849871883914 -0.849608828599 0.001498116465198552 0.0003819082028044356
2.0 -0.20685110819037902 -0.000123623232039 -0.799593748456 0.00020053776769292578 0.000985379465321428
2.0 -0.1034603305751458 -6.90351522463e-05 -0.399914817617 0.0004835805225765106 0.00010896327844684191
2.0 -0.34045464266501774 -0.400434275003 -0.399927521059 0.001031024646811736 0.0003748225423160965
2.0 -0.7227946639963816 -0.849880769496 -0.849634791056 0.001587006083813008 0.0004203903526423285
2.0 -0.6807062472156116 -0.800616864829 -0.799646010613 0.0010924278290335716 0.0003310982762798407
2.0 -0.51030133353847 -0.600002665895 -0.599904377718 0.000450160577466665 0.00012424172433372945
2.0 -0.11831191412571791 -0.199811656237 -0.0001391620197 0.0034399438194441683 0.0018330790580450551
2.0 -0.2551935748302301 -0.30005110733 -0.300004178668 0.0013681661189489116 0.0003953092206828177
2.0 -0.42485634910204917 -0.499537354331 -0.499457869694 0.0008008719564930138 0.0002568644516243746
2.0 -0.5103148045340276 -0.600036651953 -0.5998786758 0.00041238192974357924 8.463395844991106e-05
2.0 -0.15516440257851005 -5.83816592072e-05 -0.599874721154 6.400172416138538e-05 0.0007700164772493968
2.0 -0.25512432528734513 -0.299962175531 -0.299939958736 0.0013519242101536547 0.00039391198887223333
2.0 -0.42527462349182793 -0.500013627149 -0.499985127557 0.00042094661025435904 0.00011082032986691801
2.0 -0.3551436654037227 -0.599961725541 -1.57754368972e-05 0.002134218207353467 0.0010232807759680915
2.0 -0.4589144463287109 -0.600491829168 -0.400075706301 0.0008973907887770203 0.00038133640545706286
2.0 -0.22189876904710817 -0.200133850429 -0.399963764877 0.0008400957823647681 0.00016637994254710205
2.0 -0.35512753196964514 -0.59993249696 -2.02921795026e-05 0.002371270573479115 0.0011900649905721783
2.208 -0.3853237574104173 -0.474095398048 -0.38911090609 0.0012324027827992495 0.00037205132942263363
2.325 -0.1625338347679908 -0.125615840471 -0.363345074365 0.0011206908108450863 0.00017538050005078154
2.366 -0.5323304910896185 -0.799785891291 -0.11600264217 0.00200446252047616 0.0008059953517185461
2.454 -0.6745840940056179 -0.799831582259 -0.733597821054 0.001986380297302468 0.0004668238238561082
2.883 -0.4587774864342229 -0.44868306762 -0.799533418989 0.00044884811005659893 0.00030338560357571196
2.999 -0.7426963443664183 -0.850025099674 -0.849396984822 0.005400954761683803 0.0012427485400823347
2.999 -0.34341753538609576 -0.268707748195 -0.849465936656 0.00024794936231098505 0.0007119669403533002
2.999 -0.34340120315376416 -0.268723451925 -0.849320915947 0.00010214987661611157 0.0009878231742999504
2.999 -3.1842212591578745e-05 -1.4436674344e-05 -0.000117252225354 0.005537740975175572 0.0012767864842687059
3.0 -0.3869438880040442 -0.400039351712 -0.599839274216 0.0004889944830887572 0.0001950886803069963
3.0 -0.5243292703766261 -0.600035049386 -0.599833696756 0.0008522543966486925 6.883883177692623e-05
3.0 -0.2621468929654303 -0.299988451426 -0.299928774587 0.002615042165216958 0.00044471061426005045
3.0 -0.4365068915937943 -0.499535000001 -0.499355000001 0.0009360753703604145 8.320937332543354e-05
3.0 -0.43692525678416705 -0.499970588727 -0.49999228718 0.0012743198988151832 0.00019635717958306142
3.0 -0.4365213197482489 -0.499543717859 -0.499400143562 0.0009891367357214094 0.00012937466692938308
3.0 -0.5242878251227422 -0.599952482296 -0.599915398847 0.0012581056758252107 0.00016207956880439527
3.0 -0.5928737439895619 -0.699849597985 -0.599711622591 0.0018461417629945878 0.00029342591584237995
3.0 -0.11215104316899088 -2.97878523957e-05 -0.59979908147 6.457182187538736e-05 0.0013673392529732768
3.0 -0.5928803193116583 -0.699858447602 -0.599714276313 0.0018322159301060387 0.00028979252166544617
3.0 -0.5928914892352898 -0.699871915334 -0.599724537552 0.0018243248605024564 0.0002883870482500638
3.0 -0.5928840760523661 -0.699860591587 -0.599726493348 0.0018571449192034128 0.000299092298147742
3.0 -0.2621304661859911 -0.299964616889 -0.299928487243 0.0019489965279034403 0.00019076899728658506
3.0 -0.38689555647798896 -0.39996579895 -0.599851017208 0.0011091479444483067 0.00017734604481369864
3.0 -0.11220892728696487 -7.34941479086e-05 -0.599948108885 0.00021959169694142478 0.0008257487873655617
3.0 -0.4121456262540191 -0.599953930645 -4.88473555518e-05 0.002733132989511886 0.0005684370306358439
3.0 -0.4869253461410199 -0.599958958593 -0.400035500741 0.0011587262598247575 8.89028937188341e-05
3.0 -0.056124370354704585 -5.39594128582e-05 -0.300017289972 0.001433533091576881 8.743251799827165e-05
3.0 -0.4122173756697601 -0.600053487394 -6.68161762669e-05 0.0037764996042793483 0.0011258556671629838
3.0 -0.20617084850017675 -0.300108249055 -6.64164556496e-05 0.005295659120633329 0.001569072513983201
3.0 -0.48692191862067813 -0.599968944129 -0.399980474136 0.0017014618294880284 0.0002592212941660741
3.272 -3.739318939533046e-05 -5.02970994357e-05 -1.09455792359e-05 0.004570692654581699 0.0006726317498255465
3.498 -4.617680681478082e-05 -5.86243045187e-05 -2.43295931047e-05 0.00489496076482902 0.0006720790714243673
3.999 -0.4153715462800275 -0.400044698189 -0.7993041596 0.0008440816342699213 0.0010125563896495986
3.999 -0.7139119707707311 -0.800149097273 -0.799330716402 0.006785706312608249 0.0013945261711892664
3.999 -0.116979175811254 -0.000116624219964 -0.799390370462 0.00037403104113401507 0.0032716177933286724
4.0 -0.0585161553946886 -4.20197536287e-05 -0.400047364042 0.0007178009909548104 0.0007880795920862382
4.0 -0.6554211482238517 -0.799993364421 -0.399948502501 0.003988699515897542 0.0006105247197994055
4.067 -0.327622607709249 -0.283524531349 -0.799219201717 0.0007350595613767515 0.0012344513855263729
4.186 -0.6523928700098002 -0.800181962085 -0.344443428799 0.0031900093061913992 0.0004798430318137291
5.0 -0.7078635765809608 -0.89987087073 -4.59671177912e-06 0.014436038058284589 0.005366648642800916
5.0 -0.7079330690712566 -0.899959478954 -2.85313334399e-06 0.004339327141252326 0.0004271691732624816
5.516 -0.7191809417304398 -0.800165542008 -0.699340907901 0.006422610534547481 0.0009195287968471789
5.522 -3.140664006295637e-05 -3.70291220576e-05 -1.52420333188e-05 0.0048762705639157486 0.00014066021315325817
5.937 -0.1292199029344509 -0.0630909225336 -0.758200668638 0.00046883670105919473 0.005866653601390268
6.0 -4.488614386769216e-06 -4.34440583246e-06 -9.28140729749e-06 0.005036576368316903 0.0001019768724240843
6.464 -0.6188758264222459 -0.656582314499 -0.799069295387 0.001923125644462016 0.0012429886980676401
6.535 -0.07364445916360556 -0.0522860392989 -0.322541600486 0.0008853066471612532 0.0022286117437283572
6.586 -0.6054305835295289 -0.709621960444 -0.178523588803 0.001096569482640006 0.0022328730935091694
7.0 -0.5029291544922085 -0.599996997005 -2.89881401595e-06 0.002350221052597937 0.001192761494172909
7.001 -0.3351790975515781 -0.39986107182 -1.32088465666e-06 0.0005964071003015043 0.002259314943506112
7.001 -0.3351836506260363 -0.399866580565 -5.88880036338e-07 0.0006906509534649085 0.0020816778160052535
7.411 -0.5773111275481999 -0.61019369966 -0.73102349434 0.0007239043101725187 0.0038964804149336143
7.748 -0.23308358113005062 -0.20028311741 -0.778847969759 0.0006891716983611269 0.007672306059726704
7.953 -0.7200130975181174 -0.800141087454 -0.458841196123 0.002267500484823364 0.0017497757510254216
7.997 -0.5751201266559347 -0.603631990822 -0.752452418043 0.0008464980538431459 0.005281219586475963
7.998 -0.7704302849293805 -0.900407294693 -2.13658499777e-05 0.003407182778941023 0.0008811496472882587
8.729 -3.341220381284822e-06 -1.11252347674e-06 -3.31258564929e-05 0.0036597694204760288 0.0009517129225871425
9.2 -2.065428207291246e-06 -2.2533840531e-06 -1.46366981843e-06 0.004884409708889519 0.00041336712120021267
