25.0 25.0 0.400011354106 0.799907395909 0.0003857825921826837 0.0009718280647330861
25.0 25.0 0.400041208769 0.799924552819 0.0006935807831480347 0.0009270499670826413
25.0 25.0 0.135561751554 0.726632988625 0.00044218863665640326 0.0006217136580513344
25.0 25.0 0.731186669536 0.793727353513 0.0021425960341291 0.0015672839325381477
25.0 25.0 0.998000728154 0.998000755108 0.004628674820002253 0.0036238577321449127
25.0 25.0 0.599991103591 0.599991112831 0.0003953380076370606 0.0009007908090839159
25.0 25.0 0.799792895488 0.799793125851 0.002386182026118721 0.0017572672951171582
25.0 25.0 0.600020363324 0.600020397894 0.0009236417225158051 0.0008447891950700446
25.0 25.0 1.20921763909e-07 1.22190264669e-07 0.0009478912163741062 0.00021777901086488668
25.0 25.0 1.20945405263e-07 1.22204953013e-07 0.0008462441412814153 0.0002636805065048094
25.0 25.0 1.21129378948e-07 1.22351538718e-07 0.0009620887760676873 0.00030758168697142936
25.0 25.0 1.20916716917e-07 1.2219203119e-07 0.0011273928172232197 0.00021644286088290404
25.0 25.0 1.2097214812e-07 1.22275004135e-07 0.0009303338865290582 0.0001947879868255272
25.0 25.0 1.2089943421e-07 1.22175940602e-07 0.0008889222107324275 0.00021369029215006135
25.0 25.0 1.20918013158e-07 1.22196547736e-07 0.0010061296464197603 0.000176200126251858
25.0 25.0 1.20706276316e-07 1.2202822782e-07 0.0011907699722796716 0.00014749059742851452
25.0 25.0 9.65992042856e-08 9.51495038723e-08 0.0011188816065655395 0.0004116450921492199
25.0 25.0 9.48400673307e-08 9.3147982293e-08 0.00016744358362956856 0.000334831217474723
25.0 25.0 0.20003497356 0.20003497599 0.0003303495047085679 0.0005771800440678074
25.0 25.0 0.436549999997 0.436549999998 0.0005022050997826944 0.0005115799477609159
25.0 25.0 0.849825672617 0.849825668474 0.0015917617020076154 0.0012333957426987003
25.0 25.0 0.899737307658 0.899737301628 0.002097479051276604 0.0015431531630039842
25.0 25.0 2.65408380851e-05 2.64339044381e-05 0.0007415132006850195 0.0003133739694941727
25.0 25.0 0.437577200796 0.437577185317 0.00017908053466108076 0.0007826743016589989
25.0 25.0 2.62106336146e-05 2.61309723607e-05 0.0007486865058920517 0.0003105837731773924
25.0 25.0 0.500047452012 0.500047499325 0.00017922607514395483 0.0009073548734741006
25.0 25.0 0.969503999999 0.969504000001 0.003671219661213552 0.0027744647541322913
25.0 25.0 0.799846238327 0.799846240079 0.002582509805779022 0.0018858016149375025
25.0 25.0 0.949586305767 0.949586327518 0.0029086771246226717 0.0021510131613485584
25.0 25.0 2.59902617848e-05 2.62784467665e-05 0.0007038276470177966 0.00032423417160187926
25.0 25.0 0.994246477574 0.994246846517 0.004442754960259751 0.0034596785761334525
25.0 25.0 0.959555089678 0.959555155081 0.003404606649222578 0.0025459696328275017
25.0 25.0 0.799873613923 0.799873563675 0.0010624855591777008 0.0010172848969999657
25.0 25.0 0.799875676879 0.799875899098 0.0012153936021250384 0.0010711926810649383
25.0 25.0 0.799914264418 0.799914012559 0.002439235779209314 0.0017949171674145274
25.0 25.0 0.68240516816 0.66767691932 0.001255334631465973 0.0010873268969537305
25.0 25.0 0.506666394986 0.288020992324 0.0006232662351684089 0.0005245173341127777
25.0 25.0 0.599857590977 0.399887931601 0.0004983265714246824 0.0006826778110487558
25.0 25.0 0.599980017325 3.03217649277e-06 0.00019797609611641508 0.0007090096764172565
25.0 25.0 0.599964597756 6.88910172714e-06 0.0004816797874283149 0.000441304377436679
25.0 25.0 0.649960086792 0.249998882042 0.00016680267864948982 0.0008332764284551252
25.0 25.0 0.649960888856 0.250012833718 0.00042806785265294295 0.000615119837837461
25.0 25.0 0.779143104361 0.533671239134 0.0010460469395141927 0.0010116002807152129
25.0 25.0 0.75268508647 0.0879806378364 0.0004065318286491861 0.0006385930338506927
25.0 25.0 0.899797939478 0.50004102527 0.0011658355266305777 0.0011090626273356655
25.0 25.0 0.89973612622 7.73033751787e-06 0.00032745399077199435 0.000845511287808037
25.0 25.0 0.899805253084 0.50001649341 0.000631923937139529 0.001026346296737208
25.0 25.0 0.89979327394 2.11573408668e-06 0.00013247164178117513 0.001146364623003211
25.0 25.0 0.499507999998 1.03335190226e-07 0.0013408015792423628 0.00026709955213573234
25.12437810945274 24.875621890547265 0.249968490735 0.499963472467 0.0005151537872262718 0.00044028389334347664
26.830398517145504 23.169601482854496 0.799736754383 0.0284620366004 0.00044683163395523495 0.0024953336830868386
27.127172918572736 22.872827081427264 0.419942417905 0.380019411669 0.000680855453817619 0.00044807053467476167
27.487618190004504 22.512381809995496 0.000145609380623 9.70591619125e-05 0.001201456639525638 0.0002548281836460354
27.73820124666073 22.26179875333927 0.411928577093 0.759272586604 0.0019625379560360904 0.000755479596676832
27.77777777777778 22.22222222222222 0.000151919629602 0.799992469376 0.003736337185128688 0.000874052027868743
27.77777777777778 22.22222222222222 0.400139285381 0.80000583972 0.002497713058090946 0.00099970226107127
27.77777777777778 22.22222222222222 0.00010506770919 0.399988726055 0.0023812483532308242 0.00021716811057666607
27.77777777777778 22.22222222222222 0.799747589575 0.400013191404 0.0007652439970146596 0.002222176048935585
28.098992553657464 21.901007446342533 0.00967397539295 0.799765563861 0.004427011069444732 0.0011553531984403397
29.25311203319502 20.746887966804977 0.500003562202 0.399998684378 2.7888391329424138e-05 0.0016733607440873098
29.591836734693874 20.408163265306122 0.697763404354 0.787668362791 0.0025482566250612675 0.0015279103657643834
30.0 20.0 0.949893478455 0.949303274786 0.004105131603949267 0.003129328816337867
30.0 20.0 0.599684099132 0.799888446923 0.003670923018138811 0.001946500849891394
30.0 20.0 1.47347113534e-07 2.36765414661e-07 0.0014627709927530113 0.00010758575832025116
30.0 20.0 8.64427645114e-08 1.55363889098e-07 0.001452776560299461 7.090685917287117e-05
30.0 20.0 3.19013830056e-05 9.78256321077e-05 0.0013059729657872172 0.00015691150852840434
30.0 20.0 0.499985954748 0.500005768637 3.267003566121428e-05 0.0018943292215047448
30.00799680127949 19.992003198720514 0.499524000001 2.35041657142e-07 0.00012864740659414918 0.002035051620550711
30.00799680127949 19.992003198720514 0.499512906015 4.11085265413e-07 0.0001298006190290687 0.0021699836024716866
30.19017432646593 19.80982567353407 0.0101729142906 0.736746439061 0.009440164717357974 0.003534548881465295
31.818181818181817 18.181818181818183 0.60019045799 0.799745803546 0.005125414639455418 0.0026427083020407844
31.818181818181817 18.181818181818183 0.400069974645 0.799880170968 0.008644671799824703 0.004150818063657912
31.818181818181817 18.181818181818183 0.19995045192 0.799946825601 0.012250862104040047 0.005699098347070812
31.818181818181817 18.181818181818183 0.000201870033387 0.399843228605 0.006783679189236986 0.0016241224822940888
31.818181818181817 18.181818181818183 0.799632484984 0.400096389713 0.0028631957511688847 0.0058535911260372536
31.988472622478387 18.011527377521617 0.0332284492026 0.288764149284 0.004647898850220014 0.0007579443259274788
32.4622939319537 17.5377060680463 0.79988131933 0.669003141585 0.0009593028657402274 0.0014253079618117062
33.045100033909804 16.954899966090203 0.00852399236697 0.543855385016 0.011694261618126261 0.004275774873783109
33.18197107299025 16.818028927009756 0.799807974071 0.12627468861 0.01178986291665223 0.018372121985269444
33.227104998322716 16.77289500167729 0.245785322589 0.0787364543979 0.0013608821395761153 0.00017286277796874785
33.333333333333336 16.666666666666668 0.128673834147 0.849670254084 0.01828640389767546 0.009200270549868541
33.333333333333336 16.666666666666668 0.128627664472 0.849634892127 0.020222894376188214 0.010523008148759554
33.333333333333336 16.666666666666668 0.000215974893051 0.799547772535 0.021841489041145853 0.011159572414331152
33.333333333333336 16.666666666666668 0.199988949495 0.400076092558 0.005884843283420802 0.0013268698664765472
33.333333333333336 16.666666666666668 0.800085834633 0.799876487708 0.002587201747878905 0.001753849403040024
33.333333333333336 16.666666666666668 0.849845342039 0.84976984727 0.0011520692663862047 0.0009390007490942696
33.333333333333336 16.666666666666668 0.000145817738971 0.599803964671 0.013638851853398547 0.00539243408878848
33.333333333333336 16.666666666666668 0.400042605275 0.399934265816 0.0023571933674147202 0.0004509134017183669
33.333333333333336 16.666666666666668 0.849873592271 0.849822440966 0.0027129565675478268 0.0018982611310164996
33.333333333333336 16.666666666666668 0.199855451192 9.41905622539e-05 0.0012869766548575467 0.00023009308226693332
33.333333333333336 16.666666666666668 0.500050226443 0.499945709823 0.001983280393593054 0.0004972880678003205
33.333333333333336 16.666666666666668 0.499537454078 0.499452032494 0.0011340925707050387 0.0002886327940600346
33.333333333333336 16.666666666666668 0.600006121693 0.599798108242 0.001785170255923083 0.0007072053474151682
33.333333333333336 16.666666666666668 0.59992834899 0.599985848278 0.0009333400163783769 0.0004588642997130078
33.333333333333336 16.666666666666668 0.299963708058 0.299942015187 0.002549154940098312 0.0002335762156186151
33.333333333333336 16.666666666666668 3.19079256889e-05 0.299940096426 0.006491795799388565 0.0013088177538191836
33.333333333333336 16.666666666666668 2.49131120301e-07 5.29196403758e-07 0.0021149058513001326 2.7826115961768502e-05
33.333333333333336 16.666666666666668 0.29985095146 0.300046681888 0.002512564399038907 0.0002679503011768921
33.333333333333336 16.666666666666668 0.299963578864 3.11809220679e-07 0.000401289280199009 0.0007249475724444462
33.54180381830151 16.458196181698487 0.430162915007 0.50994327352 0.0029249566630110318 0.0005988965337891937
34.657870512427124 15.342129487572876 0.763095723272 0.799568016005 0.0030962539217722455 0.0018149962223349273
34.69543924089378 15.304560759106215 0.514755640904 0.799510049216 0.011730315209084118 0.006380042467141931
35.714285714285715 14.285714285714286 9.3726223667e-08 2.47751085117e-07 0.0035276530588329107 0.0001188143812677155
37.48435544430538 12.515644555694617 0.744987082743 0.696692219616 0.0014730598739264883 0.0010700597902206085
37.496874218554645 12.50312578144536 0.268689637723 0.849525445855 0.030403801983031643 0.01712165905712264
37.496874218554645 12.50312578144536 0.849987828485 0.84947784932 0.00088218020819894 0.0011236807901335347
37.496874218554645 12.50312578144536 0.268691413956 0.84965466092 0.03513266944230532 0.02074389305011065
37.5 12.5 0.70014907643 0.599905128398 0.0010563785109600906 0.000982531960670949
37.5 12.5 1.93328795586e-07 0.299931168255 0.010843785599951408 0.0026221173809474084
37.5 12.5 0.700145628486 0.599909044903 0.0010606447333765191 0.0009819275234486911
37.5 12.5 0.700034892443 0.599880721136 0.0011060434393375365 0.0010209337640038744
37.5 12.5 0.399970909169 0.599878208765 0.010840733721753789 0.004112730733356865
37.5 12.5 0.599962449488 0.599878623389 0.002303063674548084 0.0005729204377696845
37.5 12.5 0.499546 0.499386000001 0.002862327087226488 0.000489158949568845
37.5 12.5 6.19732756504e-05 0.599854872916 0.022162907277147086 0.009395901253218332
37.5 12.5 0.499546909933 0.499396354202 0.002799594817898746 0.00047409763189387065
37.5 12.5 0.399942401104 0.599913438696 0.013246231274406722 0.005691766071665328
37.5 12.5 0.299966368345 0.299930698346 0.004437435366632527 0.0005104718152636963
37.5 12.5 4.33454057668e-05 0.59998537033 0.025461186452425667 0.011601047099658604
37.5 12.5 0.600038321843 0.399948279469 0.00027930884295464947 0.002032472859488359
37.5 12.5 5.13207801879e-07 6.50170356391e-07 0.0041477854884600755 0.00014106982782417847
37.5 12.5 0.599908166244 0.600011034004 0.003493789348567328 0.0010876016446056532
37.5 12.5 0.600049507071 0.400090240243 0.00044172146172028696 0.0015106555212664916
37.5 12.5 2.23669198562e-06 5.41264062416e-06 0.0008719799003959287 0.00011239041660541966
37.5 12.5 0.499969403661 0.500047107483 0.004947944515718985 0.001402911612938973
37.5 12.5 0.300023009161 0.300047185724 0.005936922475382365 0.0010068391733902215
37.5 12.5 0.599951134148 6.34844797509e-06 0.006818299801674831 0.014515284420527654
37.5 12.5 0.29996624544 3.87529068264e-07 0.0003806266271637173 0.001093039239011509
37.50312421894527 12.496875781054738 0.499542999999 2.0572578985e-07 0.0046949416993519585 0.012458837780399865
37.50312421894527 12.496875781054738 0.499535 1.01200879812e-06 0.0020809904632983923 0.007841393997143125
37.50312421894527 12.496875781054738 0.499547 4.56575262029e-07 0.002836079245972105 0.009286550366836581
37.980769230769226 12.019230769230768 0.739856710376 0.799659753586 0.005064585760813781 0.002595145343778222
38.22143698468787 11.778563015312132 0.54485194579 0.799661578366 0.017843236899497995 0.010131724621814563
38.888888888888886 11.11111111111111 2.31274300383e-07 3.53322417139e-07 0.005551915661846465 0.00031285189299422154
39.997999599919986 10.002000400080014 2.82471022101e-05 0.799444299467 0.04032203315984164 0.020331867710519157
39.997999599919986 10.002000400080014 0.399937402063 0.799502293249 0.03363431672227536 0.019114137332144582
40.0 10.0 8.81524586098e-05 0.399904796377 0.0194603607362142 0.006269371677624844
40.0 10.0 0.800139680142 0.399955771933 0.017382538036868216 0.025024655916331223
40.68380845910192 9.31619154089808 0.797744291588 0.795397073627 0.002324010732194447 0.0015317425439159357
40.90909090909091 9.090909090909092 2.095393547e-07 2.92914154429e-07 0.005487113586470913 0.00010349743346479267
41.635998661759785 8.364001338240215 0.613095385341 0.240620025871 0.0029808659634827277 0.00905759600863807
41.666666666666664 8.333333333333334 2.96792814661e-07 3.72123188718e-07 0.005113566997888917 5.341137289953942e-05
41.666666666666664 8.333333333333334 2.96839923684e-07 3.70835704136e-07 0.005110985293281412 5.889705290392533e-05
41.666666666666664 8.333333333333334 2.32159011654e-07 2.69647768421e-07 0.005116636485625696 6.128845472273025e-05
41.66944351882706 8.330556481172943 0.49955 5.35882219171e-07 0.004089401801027134 0.013977459703662588
42.30769230769231 7.6923076923076925 2.51334069115e-07 3.07247729589e-07 0.005103464554191399 7.307255825751521e-05
42.467610726122324 7.5323892738776745 0.769754469818 0.306333989297 0.026071447538206307 0.03756589729941677
42.68898961836526 7.311010381634741 0.657564262372 0.792533257678 0.01756318904783793 0.009034389952825928
42.71986022131625 7.2801397786837505 0.125766491394 0.799609983831 0.04752461268211464 0.02227699121810083
42.857142857142854 7.142857142857143 4.5272937406e-07 4.67194783085e-07 0.0059001952325688 0.00014124288157363386
42.89570900824098 7.104290991759022 0.799932777019 0.147520489834 0.07072781780750488 0.08884445278683041
43.333333333333336 6.666666666666667 6.32855013315e-07 5.52357995811e-07 0.004453415879780501 0.00035436499685132986
43.75 6.25 6.90401266281e-07 5.82383732422e-07 0.0037381871608851785 0.000895159344849653
43.75078115235595 6.249218847644044 0.399856443433 2.89776520801e-06 0.00018892693364751112 0.006642139700839285
44.11764705882353 5.882352941176471 7.13139416956e-07 5.95962643468e-07 0.0036146984920633865 0.001074660355712226
44.44444444444444 5.555555555555555 0.123660418868 0.108724548002 0.0075885508930899235 0.0008317813310254642
44.73684210526316 5.2631578947368425 8.72017732937e-07 7.24117931329e-07 0.30838824083187555 0.30279989342173147
45.0 5.0 8.87386321041e-07 7.44042960438e-07 0.3048999074088746 0.3171414935099798
45.23809523809524 4.761904761904762 9.05591356723e-07 7.64086206008e-07 0.2879252102002565 0.3073758613289966
45.45454545454545 4.545454545454546 3.65619772075e-06 5.78387980902e-08 0.004934413694009044 0.0016755602753697274
45.45454545454545 4.545454545454546 8.74404515105e-07 7.84036176137e-07 0.2783306997542692 0.33892611361662617
