25.0 25.0 0.500006785023 -0.899703034225 0.00021412645850573281 0.0449687420917589
25.0 25.0 -0.49997637681 0.899800287425 0.00014612316126471614 0.00953345223481105
25.0 25.0 0.499980906682 -0.89964786202 0.00046931545678512377 0.04239490466295339
25.0 25.0 -0.499971005341 0.899740802191 0.00031865904284952775 0.010589286819995521
25.0 25.0 5.55961806257e-05 -0.79973884392 0.0002935076994434607 0.2212767827445386
25.0 25.0 -0.000101040812844 0.799759107702 0.0004535938890701237 0.021696482653795472
25.0 25.0 0.400002613238 -0.799832698385 0.00023572042087192607 0.045181948518123044
25.0 25.0 -0.470684177846 -0.793448844324 0.00034910047561300344 0.5786313589437818
25.0 25.0 0.400011354106 0.799907395909 0.0003857825921826837 0.019303520978940468
25.0 25.0 -0.400001421475 0.799916096272 0.00020206401415202258 0.010092443415133651
25.0 25.0 0.400041208769 0.799924552819 0.0006935807831480347 0.022222716444753196
25.0 25.0 0.399960578741 -0.79985841418 0.00040540345135837763 0.04268309596074934
25.0 25.0 -0.40000233413 -0.799860789321 0.0002508522499378576 0.5403552448901869
25.0 25.0 -0.39995737464 0.79989807354 0.0004989266520663409 0.011688716472705207
25.0 25.0 -0.399974420371 -0.799829092286 0.00024677675615564215 0.5341559526081457
25.0 25.0 0.135561751554 0.726632988625 0.00044218863665640326 0.023015486450404302
25.0 25.0 -0.419839603751 0.696569287598 0.0006339660871174488 0.007862587314479709
25.0 25.0 0.731186669536 0.793727353513 0.0021425960341291 0.021489178148415368
25.0 25.0 -0.200198064124 -0.400023432845 0.00038412604848120884 0.11539120803986327
25.0 25.0 -7.69375917008e-05 -0.400061942952 0.0007693527369697481 0.03967232158679036
25.0 25.0 -2.82725436903e-05 0.399972361715 0.0005802719770055011 0.012297029977815066
25.0 25.0 0.199908553657 -0.400078127372 0.0006122170530009231 0.011845420650756859
25.0 25.0 -0.200240438521 0.399920976952 0.0008863774209005436 0.006079107482531542
25.0 25.0 0.998000728154 0.998000755108 0.004628674820002253 0.01884553053619237
25.0 25.0 -0.500000743441 0.499968015976 0.0005290664585677369 0.003146930855923472
25.0 25.0 -0.899568306491 -0.899568805382 0.00029842973541865817 0.6732204476938047
25.0 25.0 -0.499501865182 0.499506233092 7.791029916893919e-05 0.05701843291906837
25.0 25.0 0.599991103591 0.599991112831 0.0003953380076370606 0.01971524393288772
25.0 25.0 -5.32285340701e-05 -5.28798410678e-05 0.000882648231623483 0.003254473588803074
25.0 25.0 0.799792895488 0.799793125851 0.002386182026118721 0.020466728357523962
25.0 25.0 -0.799744603788 -0.799744506848 0.00041139308209381864 0.711456889293205
25.0 25.0 -0.799862764462 -0.79986276568 0.0003058661000543585 0.7129228789331866
25.0 25.0 0.600020363324 0.600020397894 0.0009236417225158051 0.02278619699893424
25.0 25.0 1.20921763909e-07 1.22190264669e-07 0.0009478912163741062 0.0033299624237271355
25.0 25.0 1.20945405263e-07 1.22204953013e-07 0.0008462441412814153 0.003245122147828893
25.0 25.0 1.21129378948e-07 1.22351538718e-07 0.0009620887760676873 0.0032565399764444337
25.0 25.0 1.20930921804e-07 1.22196915414e-07 0.0009291412587412864 0.0033483384635773503
25.0 25.0 1.20916716917e-07 1.2219203119e-07 0.0011273928172232197 0.003525453070776251
25.0 25.0 1.2097214812e-07 1.22275004135e-07 0.0009303338865290582 0.0033308593057422126
25.0 25.0 1.2089943421e-07 1.22175940602e-07 0.0008889222107324275 0.0032783174937259353
25.0 25.0 1.20918013158e-07 1.22196547736e-07 0.0010061296464197603 0.003369856020253092
25.0 25.0 1.20706276316e-07 1.2202822782e-07 0.0011907699722796716 0.0035238330059798478
25.0 25.0 9.65992042856e-08 9.51495038723e-08 0.0011188816065655395 0.003494501088103378
25.0 25.0 -0.969242733008 -0.969242734905 0.0004930314190548211 0.6087244576238307
25.0 25.0 0.599963312828 0.599963311736 0.0003349820994686435 0.018972248204610166
25.0 25.0 -0.437502219052 -0.437502611189 0.0001345350318754005 0.27238776628875994
25.0 25.0 9.48400673307e-08 9.3147982293e-08 0.00016744358362956856 0.0905262231727965
25.0 25.0 0.20003497356 0.20003497599 0.0003303495047085679 0.01116173313039672
25.0 25.0 -0.437567999996 -0.437568000003 0.00046031720464740397 0.2702160963875937
25.0 25.0 0.436549999997 0.436549999998 0.0005022050997826944 0.02354325669925413
25.0 25.0 -1.13493976198e-07 -1.1371062991e-07 0.00041985322724358287 0.0029886511319683405
25.0 25.0 -3.67050658542e-09 -2.1572848954e-09 0.0006269890052902202 0.00311382488089812
25.0 25.0 0.849825672617 0.849825668474 0.0015917617020076154 0.01647432058356127
25.0 25.0 0.899737307658 0.899737301628 0.002097479051276604 0.016560717828120273
25.0 25.0 -0.437585851205 -0.437585791869 0.00014788426003737112 0.27791269509286265
25.0 25.0 2.65408380851e-05 2.64339044381e-05 0.0007415132006850195 0.003179743162307422
25.0 25.0 0.437577200796 0.437577185317 0.00017908053466108076 0.021280418164974845
25.0 25.0 2.62106336146e-05 2.61309723607e-05 0.0007486865058920517 0.003183561311137386
25.0 25.0 0.500047452012 0.500047499325 0.00017922607514395483 0.020414489524921003
25.0 25.0 0.969503999999 0.969504000001 0.003671219661213552 0.018061829612464
25.0 25.0 -0.199980174996 -0.199980162465 0.00030350646113261266 0.04396650587968618
25.0 25.0 -0.599971830692 -0.599971790623 0.0002347384775536394 0.5357973468043861
25.0 25.0 0.799846238327 0.799846240079 0.002582509805779022 0.021070691971979954
25.0 25.0 0.949586305767 0.949586327518 0.0029086771246226717 0.01692676378467117
25.0 25.0 2.59902617848e-05 2.62784467665e-05 0.0007038276470177966 0.0030979421418895004
25.0 25.0 0.994246477574 0.994246846517 0.004442754960259751 0.018601321795474666
25.0 25.0 -0.799759895663 -0.799759926259 0.00028282033508425844 0.7143116391708514
25.0 25.0 0.959555089678 0.959555155081 0.003404606649222578 0.017875752202249514
25.0 25.0 0.799873613923 0.799873563675 0.0010624855591777008 0.016368510010710484
25.0 25.0 0.199950180789 -4.80896916813e-05 0.0009347169907746353 0.003916140285742534
25.0 25.0 -0.799883141338 -0.799883405991 0.00031095844754803055 0.7115260114202171
25.0 25.0 -0.437570604757 -0.437570674407 0.0007186185838425281 0.26871715602731755
25.0 25.0 -0.599956872698 -0.599956970486 0.00024361303111115098 0.5406427065304579
25.0 25.0 0.799875676879 0.799875899098 0.0012153936021250384 0.017179329219047457
25.0 25.0 -0.59993270413 -0.599932722514 0.0002476020661056469 0.5327979999673829
25.0 25.0 0.799914264418 0.799914012559 0.002439235779209314 0.02061443733949613
25.0 25.0 0.199950923174 -5.20207407823e-05 0.0009962634505031019 0.006384754272437611
25.0 25.0 -0.43753905849 -0.43753989932 0.00014190635263234126 0.2814185314529108
25.0 25.0 0.979412619185 0.979412887171 0.0037112712889227233 0.01768866363431624
25.0 25.0 -0.800507256936 -0.799868497864 0.0004015199654151536 0.7116323544316756
25.0 25.0 -0.244009450608 -0.101750454105 0.0006127773162006163 0.031686379195399156
25.0 25.0 -0.300027884029 -3.18073325862e-05 0.0006205562602922326 0.02623230054577196
25.0 25.0 -0.200049571205 -5.31564332134e-05 0.0014351417069215623 0.09738393546835258
25.0 25.0 0.299950734213 -4.6633364341e-05 0.0008794601130561013 0.009640574889674828
25.0 25.0 0.458944178229 -0.319599941895 0.0007420645279184597 0.0042432864805731114
25.0 25.0 -0.599969375919 0.599983044885 0.0003184449376261703 0.003128473309837553
25.0 25.0 0.68240516816 0.66767691932 0.001255334631465973 0.02180275466785764
25.0 25.0 -0.800529034589 0.799782857994 0.0005550166005852971 0.0029787933018854563
25.0 25.0 -0.899630844556 0.899744041859 0.0005351131409807904 0.0035158399656791683
25.0 25.0 -0.79984246617 0.799896216638 0.00024694241282648176 0.003256752990640916
25.0 25.0 -0.59991105657 0.599991817414 0.0006189306372100316 0.003176735869716174
25.0 25.0 -0.799757681307 0.79991875486 0.0003754782772018139 0.0033880914028454343
25.0 25.0 -0.799706344643 0.799953513119 0.0005687689813682454 0.003103414380934737
25.0 25.0 -0.899685955589 0.89978825606 0.0002043051080257717 0.003318662313426802
25.0 25.0 0.506666394986 0.288020992324 0.0006232662351684089 0.02321884230252863
25.0 25.0 -0.949046933081 -0.949046999999 0.0003598101681772953 0.6246811305466741
25.0 25.0 0.599871701123 -0.400060372743 0.0007454482067852086 0.005709159365948247
25.0 25.0 0.599857590977 0.399887931601 0.0004983265714246824 0.02329875330965879
25.0 25.0 -0.600419715134 -0.399991567221 0.00033877724219631683 0.3768481692329088
25.0 25.0 -0.60044573861 0.399946655751 0.0005358739835541301 0.012741379051287754
25.0 25.0 -0.5999577114 6.12476786775e-06 0.00019331954906786497 0.10886401209038253
25.0 25.0 -0.599968038285 -1.02573825843e-05 0.0003127025442458919 0.11730369083823335
25.0 25.0 0.599980017325 3.03217649277e-06 0.00019797609611641508 0.01642228307169395
25.0 25.0 -0.62496553542 -0.250014578029 0.00023515596319283145 0.2813426528634533
25.0 25.0 0.599964597756 6.88910172714e-06 0.0004816797874283149 0.01831310162270175
25.0 25.0 -0.624943094889 -0.249991599977 0.00015552357063162227 0.27788683949682447
25.0 25.0 -0.600395197698 1.8785807689e-05 0.00039632516224039153 0.11520229277129276
25.0 25.0 0.649960086792 0.249998882042 0.00016680267864948982 0.02062372664534375
25.0 25.0 0.649960888856 0.250012833718 0.00042806785265294295 0.023260509590218945
25.0 25.0 0.779143104361 0.533671239134 0.0010460469395141927 0.021621834126831718
25.0 25.0 0.75268508647 0.0879806378364 0.0004065318286491861 0.02243725790044465
25.0 25.0 -0.299953615163 1.65175497463e-07 0.0009274898915883834 0.021481050602928778
25.0 25.0 -0.754550131217 0.342871950237 0.0006450610932434335 0.04585575001470383
25.0 25.0 -0.768582826408 -0.199710812945 0.0002672905037018165 0.3435737069424873
25.0 25.0 0.899797939478 0.50004102527 0.0011658355266305777 0.020666995186339455
25.0 25.0 -0.89969091504 -0.499967916089 0.00032476455074213826 0.6638105856327363
25.0 25.0 -0.899655944881 8.13851291628e-06 0.00020935825220368378 0.29984415091766076
25.0 25.0 -0.899729295006 -0.500003348036 0.00031193109975465304 0.6639601856186971
25.0 25.0 0.89973612622 7.73033751787e-06 0.00032745399077199435 0.021902527398990682
25.0 25.0 -0.899697323271 -8.80018021692e-06 0.00016477063234249806 0.2985407026707876
25.0 25.0 0.899805253084 0.50001649341 0.000631923937139529 0.017691787167703265
25.0 25.0 0.89979327394 2.11573408668e-06 0.00013247164178117513 0.01948703926160397
25.0 25.0 -0.499501999999 1.40554629323e-07 0.000715321513645466 0.07066154922002099
25.0 25.0 0.499507999998 1.03335190226e-07 0.0013408015792423628 0.01925934441717704
25.12437810945274 24.875621890547265 0.249968490735 0.499963472467 0.0005151537872262718 0.022143701173578532
25.393700787401574 24.606299212598426 0.223241389806 -0.783742792673 0.0004078835644677698 0.08962881378582462
25.429975429975425 24.570024570024568 -0.228140654772 -0.0023649462548 0.0008957378989690406 0.015379570788976091
25.96153846153846 24.038461538461537 -0.000137820591851 0.686524741271 0.0012804942434576183 0.02374746212806856
26.292081555239452 23.70791844476055 -0.136747559106 0.434629127864 0.0014552440947919437 0.009659013814325088
26.514795678722408 23.485204321277596 -0.00557946036246 0.74181966415 0.0016138540182504251 0.026199460241749115
26.711690731252908 23.288309268747085 -0.10523681485 -0.00913355549311 0.0007779520737285418 0.006506705900374635
26.754997675499773 23.245002324500234 0.710161815672 -0.671696221914 0.0003149635993878058 0.001940041921504332
26.830398517145504 23.169601482854496 0.799736754383 0.0284620366004 0.00044683163395523495 0.015252702665446573
27.011494252873565 22.98850574712644 -0.827690099067 0.734106450265 0.0026029029536391757 0.01714055075626895
27.127172918572736 22.872827081427264 0.419942417905 0.380019411669 0.000680855453817619 0.02429976344538898
27.25204731574158 22.74795268425842 -0.207346713189 -0.469549068806 0.00025281380502202984 0.13858811582386552
27.29336966394187 22.70663033605813 -5.04190424195e-05 8.54380825816e-05 0.0006095770303463153 0.003120654545332022
27.303676804357693 22.696323195642304 0.390150308681 -0.479875258678 0.00013244982975660314 0.0030978149916748034
27.447000451059992 22.552999548940008 0.380153489028 -0.519877052065 0.00015427586715441283 0.0037333361607307923
27.45716862037872 22.54283137962128 0.330838968281 -0.438154943537 0.0001534025336943517 0.0038151420495785193
27.477477477477482 22.522522522522525 0.330010802199 -0.439871970754 0.0002307515842876968 0.0031492321242106913
27.487618190004504 22.512381809995496 0.000145609380623 9.70591619125e-05 0.001201456639525638 0.003571932604694616
27.487618190004504 22.512381809995496 0.329976580046 -0.43994832522 0.00018729565894993994 0.0034847697375833685
27.558348294434474 22.441651705565533 0.310072260694 -0.459918925798 0.00019978385393209136 0.003966282733468605
27.558348294434474 22.441651705565533 0.319971950994 -0.579849149789 0.00024135903985403136 0.008836716789313045
27.73820124666073 22.26179875333927 0.411928577093 0.759272586604 0.0019625379560360904 0.03157272823391648
27.77777777777778 22.22222222222222 0.600073302049 -0.799778727755 0.0005966174885357903 0.0041438025038437985
27.77777777777778 22.22222222222222 0.000151919629602 0.799992469376 0.003736337185128688 0.03407437553246683
27.77777777777778 22.22222222222222 -0.600343576112 -0.799705774072 0.000326798962476054 0.6548168406481535
27.77777777777778 22.22222222222222 -0.200029263751 0.799999064759 0.0044865874100303875 0.02682019181047287
27.77777777777778 22.22222222222222 -0.400165224501 0.799955150829 0.004556728083711644 0.014436728927362502
27.77777777777778 22.22222222222222 0.400139285381 0.80000583972 0.002497713058090946 0.033598233549848776
27.77777777777778 22.22222222222222 -0.600308998951 0.799911337065 0.005191550758137087 0.006137125195947418
27.77777777777778 22.22222222222222 0.19983738201 -0.799850550678 0.00013808578054693782 0.06208207721326439
27.77777777777778 22.22222222222222 -0.200311794727 -0.799851515689 0.00024581516977674266 0.3161539029055045
27.77777777777778 22.22222222222222 -0.000149024791456 -0.799840810175 0.0001476373975725755 0.16548100818929934
27.77777777777778 22.22222222222222 0.380123742053 -0.459944817719 0.0001597849521893284 0.002526085740220537
27.77777777777778 22.22222222222222 0.00010506770919 0.399988726055 0.0023812483532308242 0.015857444429533872
27.77777777777778 22.22222222222222 -2.50830978559e-05 -0.400096424635 0.00029749071449377304 0.03409816021454701
27.77777777777778 22.22222222222222 -0.00013651341692 -2.54535974111e-05 0.0015782667659605346 0.0031533342464450426
27.77777777777778 22.22222222222222 -0.800380232098 -0.399912485223 0.0003547145077536901 0.5810555403190188
27.77777777777778 22.22222222222222 -0.000192360521025 -0.000228315852947 0.0017211887760816638 0.0034118590905960807
27.77777777777778 22.22222222222222 -0.800402621097 0.400002069057 0.0020127581326775147 0.09922498116715453
27.77777777777778 22.22222222222222 0.799762677154 -0.399953050886 0.0016050619763736203 0.00584710459821796
27.77777777777778 22.22222222222222 0.799747589575 0.400013191404 0.0007652439970146596 0.014120215661986108
27.827050997782703 22.172949002217297 -0.799743761785 0.511790929031 0.0023186842024721047 0.0635713778151862
27.992957746478872 22.007042253521124 0.320013016037 -0.560017849765 0.00015579047101633786 0.007352336060434411
28.06055287406757 21.93944712593243 0.292827487717 -0.0740730406375 0.0003885422317361275 0.0070592969060213695
28.089395267309374 21.910604732690622 0.723734029888 -0.799746224993 0.0015599099908886608 0.0010008610433820285
28.098992553657464 21.901007446342533 0.00967397539295 0.799765563861 0.004427011069444732 0.036192143340796484
28.354978354978353 21.645021645021643 0.961208802868 -0.899107859547 0.006352597049687462 0.0004983680444949169
28.503869303525363 21.496130696474633 -0.0949460823579 0.55447978185 0.003819503239632077 0.01942300369409464
28.54077253218884 21.459227467811157 -0.775210026528 -0.799590852351 0.0003717888788921326 0.7221934212849502
29.044425817267392 20.955574182732605 -0.58129509439 0.799911831499 0.007843701992929367 0.006607673677298534
29.157982492705294 20.842017507294706 -0.710930082225 0.22042719202 0.0021473850678040527 0.15154231308636487
29.25311203319502 20.746887966804977 0.500003562202 0.399998684378 2.7888391329424138e-05 0.03209082900847238
29.591836734693874 20.408163265306122 0.697763404354 0.787668362791 0.0025482566250612675 0.027427800753037468
29.724249797242493 20.2757502027575 0.0277508017529 -0.100836195709 0.0012352093374401493 0.0036213278223648985
30.0 20.0 0.949893478455 0.949303274786 0.004105131603949267 0.019811024976783807
30.0 20.0 -0.200141045564 -0.79961715359 0.0001655161098539182 0.27888488757932917
30.0 20.0 -2.40141393725e-05 -0.799626364917 0.00023937664885394523 0.13224692749359546
30.0 20.0 0.399892804657 -0.799642682775 0.0011469819693119578 0.010789336104231844
30.0 20.0 -0.000163735472698 0.799716266708 0.009139482924275124 0.046103063560755005
30.0 20.0 0.599866435099 -0.799626130622 0.0037210448446361156 0.0015680383352201898
30.0 20.0 -0.200319096228 0.799729259729 0.010484772460658532 0.0325590087119439
30.0 20.0 -0.499517 0.499464999999 0.006377823767852844 0.014476805226987034
30.0 20.0 0.499522999998 -0.499459000001 0.002093142552909958 0.0009858064496665717
30.0 20.0 0.599684099132 0.799888446923 0.003670923018138811 0.03441000572569841
30.0 20.0 0.80007627199 -0.000106364098602 0.005013123710794816 0.005573163667483912
30.0 20.0 1.47347113534e-07 2.36765414661e-07 0.0014627709927530113 0.00373334294089577
30.0 20.0 8.64427645114e-08 1.55363889098e-07 0.001452776560299461 0.0036260431359563107
30.0 20.0 3.19013830056e-05 9.78256321077e-05 0.0013059729657872172 0.0037286675850296165
30.0 20.0 -0.800477735367 -0.399857317341 0.00042584691345280435 0.6366076753145147
30.0 20.0 0.499985954748 0.500005768637 3.267003566121428e-05 0.042055981552921604
30.0 20.0 -7.89224863575e-05 0.400144299241 0.004190715335115441 0.0179471025614954
30.0 20.0 0.799731332477 -0.400042985726 0.00804753735150461 0.002100379348456767
30.00799680127949 19.992003198720514 -0.499523999999 1.33703095489e-07 0.0013708764565001615 0.13686397090950153
30.00799680127949 19.992003198720514 -0.499520000002 2.1691434624e-07 0.0015633883621418675 0.13820243388319806
30.00799680127949 19.992003198720514 0.499524000001 2.35041657142e-07 0.00012864740659414918 0.013866458751728802
30.00799680127949 19.992003198720514 -0.499515 2.97155851127e-07 0.0009317283040550693 0.13717702953428243
30.00799680127949 19.992003198720514 0.499512906015 4.11085265413e-07 0.0001298006190290687 0.013714358061256452
30.14297061159651 19.857029388403497 3.19251523287e-05 -8.56914900576e-05 0.0010744763351886583 0.00348383591123328
30.150853513298923 19.84914648670107 -0.728628690705 -0.789301138518 0.0004836477793909709 0.7192896360158029
30.19017432646593 19.80982567353407 0.0101729142906 0.736746439061 0.009440164717357974 0.04446407253691151
30.376766091051806 19.623233908948194 -0.799842483725 -0.309608332274 0.0006012075721430776 0.6007521187966072
30.3921568627451 19.607843137254903 -0.556963537106 -0.799605839673 0.0002594495638126085 0.6372992296270025
30.717315850366372 19.282684149633628 -0.327588339957 0.747191606962 0.6808924629308812 0.7064229150509248
30.988593155893536 19.011406844106464 0.400006079655 -0.299983545203 1.9759793179762558e-05 0.008980577144941758
31.20300751879699 18.796992481203006 0.199296208987 -0.696451973086 0.000401310876296551 0.02122227635369679
31.536189069423923 18.46381093057607 -0.787563932112 0.767468791042 0.009002576941796382 0.0802599061904766
31.818181818181817 18.181818181818183 0.60019045799 0.799745803546 0.005125414639455418 0.04248687332390698
31.818181818181817 18.181818181818183 0.000140338338325 -0.799604621306 0.00021504437863177487 0.10285616691306339
31.818181818181817 18.181818181818183 0.600135129331 -0.799594401832 0.009393788515035417 0.0011782949328965923
31.818181818181817 18.181818181818183 0.200120098955 -0.799596340115 0.0008298136343272795 0.029503552901743342
31.818181818181817 18.181818181818183 0.400069974645 0.799880170968 0.008644671799824703 0.05735863887356127
31.818181818181817 18.181818181818183 -0.60033405856 0.799750317529 0.013418075989330813 0.016267133101462786
31.818181818181817 18.181818181818183 -0.400215110803 -0.799697471412 0.00018461086344502878 0.4762968607060212
31.818181818181817 18.181818181818183 0.19995045192 0.799946825601 0.012250862104040047 0.06345347886305376
31.818181818181817 18.181818181818183 -0.600338007814 -0.799691059416 0.0002965308043933322 0.6730585336651007
31.818181818181817 18.181818181818183 0.000201870033387 0.399843228605 0.006783679189236986 0.021088059049045666
31.818181818181817 18.181818181818183 -0.200272386321 0.799947173544 0.017003107020978483 0.03600412533842206
31.818181818181817 18.181818181818183 -0.000170754961429 0.799951635257 0.015088656016168423 0.055633084971236264
31.818181818181817 18.181818181818183 -0.800442597331 0.399980064359 0.004124938613593777 0.24948166443715575
31.818181818181817 18.181818181818183 -7.61016936479e-05 -0.399993170413 0.0003987776325425523 0.021981786143566502
31.818181818181817 18.181818181818183 -0.800622655698 -0.399970548673 0.0007180383745221998 0.6896529355322398
31.818181818181817 18.181818181818183 0.799926319134 -0.399972388827 0.018728365071719672 0.0007350070482587851
31.818181818181817 18.181818181818183 0.799632484984 0.400096389713 0.0028631957511688847 0.008248833996454928
31.988472622478387 18.011527377521617 0.0332284492026 0.288764149284 0.004647898850220014 0.015599882391947801
32.01438848920863 17.985611510791365 -0.399972321385 -0.399963393192 0.00011773714568632978 0.859462813287072
32.05956225331898 17.94043774668102 0.00090596634782 -0.790457297091 0.00018523473824232057 0.09770729141639772
32.332155477031804 17.6678445229682 -0.499967317873 0.40000742801 0.00019888792624941063 0.38671659418749726
32.344632768361585 17.65536723163842 -0.000150020652343 0.000126418627088 0.00220113475557752 0.004056968785768043
32.4622939319537 17.5377060680463 0.79988131933 0.669003141585 0.0009593028657402274 0.01651753807622238
32.74076630997583 17.25923369002416 0.698848833364 -0.79966622506 0.02200069044951405 0.002069831786188612
32.92932741550017 17.070672584499828 0.0154184087181 -0.781343997741 0.0003184214416966938 0.08320639576902021
33.045100033909804 16.954899966090203 0.00852399236697 0.543855385016 0.011694261618126261 0.0356696277478322
33.18197107299025 16.818028927009756 0.799807974071 0.12627468861 0.01178986291665223 0.0019780621294607694
33.227104998322716 16.77289500167729 0.245785322589 0.0787364543979 0.0013608821395761153 0.017158929046853504
33.299933199732806 16.7000668002672 -0.0210236458802 -0.134366672087 0.0018214138806591721 0.006851040097798723
33.32777592530844 16.672224074691563 -0.371315271613 0.849659288808 0.01961625437734732 0.014287948219829804
33.32777592530844 16.672224074691563 0.37145859092 -0.849439893697 0.005223674604343882 0.008112336727524901
33.333333333333336 16.666666666666668 -0.37139537059 0.849721809296 0.020509240876684678 0.01511451160854119
33.333333333333336 16.666666666666668 0.128673834147 0.849670254084 0.01828640389767546 0.07426534048920998
33.333333333333336 16.666666666666668 0.37147155462 -0.849595124588 0.004328713151409322 0.00720743519674929
33.333333333333336 16.666666666666668 0.128627664472 0.849634892127 0.020222894376188214 0.07898082711251043
33.333333333333336 16.666666666666668 0.000215974893051 0.799547772535 0.021841489041145853 0.06458739010174737
33.333333333333336 16.666666666666668 -0.128687213665 -0.849603774745 0.0001561707321122885 0.1945350075846605
33.333333333333336 16.666666666666668 -0.128717085261 -0.8495389662 0.00016991671334558393 0.20125381927554944
33.333333333333336 16.666666666666668 0.871258476436 -0.849486399889 0.06335846477531687 0.015055501825151828
33.333333333333336 16.666666666666668 0.199988949495 0.400076092558 0.005884843283420802 0.037305058363083926
33.333333333333336 16.666666666666668 0.800085834633 0.799876487708 0.002587201747878905 0.02450046940731866
33.333333333333336 16.666666666666668 3.40155474133e-05 -0.000105561180295 0.002498981514323988 0.004331771831254416
33.333333333333336 16.666666666666668 0.600070882447 -8.34279936843e-05 0.0031022158832261734 0.009260719538429087
33.333333333333336 16.666666666666668 -0.871278761122 0.849690979699 0.009256936967562317 0.19517408108102516
33.333333333333336 16.666666666666668 -0.849871883914 -0.849608828599 0.0014981164651983487 0.7444281082434856
33.333333333333336 16.666666666666668 -0.000123623232039 -0.799593748456 0.00020053776769292578 0.09008830598535239
33.333333333333336 16.666666666666668 -8.5587540528e-05 0.400023168065 0.009559764551787576 0.024041017410479308
33.333333333333336 16.666666666666668 -6.90351522463e-05 -0.399914817617 0.0004835805225765106 0.01948847214866253
33.333333333333336 16.666666666666668 -0.400434275003 -0.399927521059 0.001031024646811736 0.2661904326682769
33.333333333333336 16.666666666666668 0.849845342039 0.84976984727 0.0011520692663862047 0.01704723658241359
33.333333333333336 16.666666666666668 -0.871221610864 0.849674936374 0.010415062793747798 0.18989598989695788
33.333333333333336 16.666666666666668 -0.200242586132 0.399964801451 0.010530030883657452 0.008020950843342436
33.333333333333336 16.666666666666668 -0.849880769496 -0.849634791056 0.001587006083813441 0.7438703914701743
33.333333333333336 16.666666666666668 -0.800616864829 -0.799646010613 0.0010924278290338717 0.7708388475800351
33.333333333333336 16.666666666666668 -0.800515276369 0.799739693408 0.012270546550828263 0.1420393192382987
33.333333333333336 16.666666666666668 0.000145817738971 0.599803964671 0.013638851853398547 0.04036274243407003
33.333333333333336 16.666666666666668 0.400042605275 0.399934265816 0.0023571933674147202 0.03673365001492434
33.333333333333336 16.666666666666668 0.849873592271 0.849822440966 0.0027129565675478268 0.022679162370323542
33.333333333333336 16.666666666666668 1.92859436652e-07 -0.299938887313 0.0010205167077912479 0.013108930460574679
33.333333333333336 16.666666666666668 -0.600002665895 -0.599904377718 0.0004501605774665796 0.6185254691696875
33.333333333333336 16.666666666666668 1.06466685453e-05 -0.299995822076 0.0006346537383599714 0.012548960796016204
33.333333333333336 16.666666666666668 0.199855451192 9.41905622539e-05 0.0012869766548575467 0.011389824010687938
33.333333333333336 16.666666666666668 -0.199811656237 -0.0001391620197 0.0034399438194441683 0.0726338069994641
33.333333333333336 16.666666666666668 6.86286135106e-05 -0.599968315015 6.499923265205247e-05 0.04614316520769517
33.333333333333336 16.666666666666668 0.500050226443 0.499945709823 0.001983280393593054 0.03799098978646204
33.333333333333336 16.666666666666668 -0.30005110733 -0.300004178668 0.0013681661189492629 0.13448770555291054
33.333333333333336 16.666666666666668 -0.300023644158 1.38869513916e-05 0.003427939082419218 0.054902535229093184
33.333333333333336 16.666666666666668 -0.30005038766 0.300029158965 0.007789755898816506 0.014769324643967026
33.333333333333336 16.666666666666668 0.299997007533 -2.30632884488e-05 0.000423076507727087 0.014542953362086422
33.333333333333336 16.666666666666668 0.499537454078 0.499452032494 0.0011340925707050387 0.03462418279591547
33.333333333333336 16.666666666666668 -2.34575632498e-05 0.599955526173 0.012497194601756358 0.03842011369162113
33.333333333333336 16.666666666666668 -0.499537354331 -0.499457869694 0.0008008719564931957 0.4511784819231007
33.333333333333336 16.666666666666668 -0.600036651953 -0.5998786758 0.00041238192974357924 0.6116841169140157
33.333333333333336 16.666666666666668 0.600006121693 0.599798108242 0.001785170255923083 0.03423542446503688
33.333333333333336 16.666666666666668 0.400118024197 -0.400065697153 0.0017292502026334932 0.0022661121527722604
33.333333333333336 16.666666666666668 0.600021501444 -0.599900674092 0.014536001218539665 0.000657021080430372
33.333333333333336 16.666666666666668 0.59992834899 0.599985848278 0.0009333400163783769 0.031559016632231054
33.333333333333336 16.666666666666668 -5.83816592072e-05 -0.599874721154 6.400172416156201e-05 0.04842507281054721
33.333333333333336 16.666666666666668 -0.600025546151 0.599910029522 0.00953947912051148 0.07249570179654562
33.333333333333336 16.666666666666668 0.299963708058 0.299942015187 0.002549154940098312 0.03204023098387776
33.333333333333336 16.666666666666668 3.19079256889e-05 0.299940096426 0.006491795799388565 0.015193947120848868
33.333333333333336 16.666666666666668 0.299963567495 -0.299938398222 0.00011450564479460444 0.0034904835984109804
33.333333333333336 16.666666666666668 -0.299962121951 0.299942734926 0.007884987031660276 0.016744211980271363
33.333333333333336 16.666666666666668 -0.299962175531 -0.299939958736 0.001351924210153826 0.1446192396343143
33.333333333333336 16.666666666666668 -0.599956961112 0.599916658061 0.009642427394865495 0.07273479521544518
33.333333333333336 16.666666666666668 0.200115318349 -0.400078748867 0.00010245642152187758 0.0023604591942726575
33.333333333333336 16.666666666666668 1.85749017003e-06 -9.30287910028e-06 0.0022007023579940018 0.0039842796724125825
33.333333333333336 16.666666666666668 0.600024488477 -1.83018551306e-05 0.004001075176099613 0.008067276477913372
33.333333333333336 16.666666666666668 -0.500013627149 -0.499985127557 0.00042094661025481343 0.474013485003405
33.333333333333336 16.666666666666668 -0.599961725541 -1.57754368972e-05 0.002134218207353289 0.3007177931236185
33.333333333333336 16.666666666666668 2.49131120301e-07 5.29196403758e-07 0.0021149058513001326 0.004020852792389225
33.333333333333336 16.666666666666668 0.600006882204 -7.85539534308e-05 0.0030966987628320056 0.009220895589007015
33.333333333333336 16.666666666666668 -0.600463016195 8.2298871945e-05 0.002891861881507622 0.2965538913090587
33.333333333333336 16.666666666666668 4.1408427413e-05 -3.24828040266e-06 0.0027264291677215357 0.004426413936144514
33.333333333333336 16.666666666666668 0.600015470105 -0.400153009266 0.008972540811129649 0.0017058278605789257
33.333333333333336 16.666666666666668 -0.600491829168 -0.400075706301 0.0008973907887770203 0.5366018715369533
33.333333333333336 16.666666666666668 0.29985095146 0.300046681888 0.002512564399038907 0.03169454577866422
33.333333333333336 16.666666666666668 -0.200133850429 -0.399963764877 0.0008400957823646269 0.09883747567190389
33.333333333333336 16.666666666666668 -6.6674636096e-05 1.11438952571e-05 0.002554420242017291 0.004220310545513254
33.333333333333336 16.666666666666668 -0.59993249696 -2.02921795026e-05 0.002371270573479115 0.3041457165662904
33.333333333333336 16.666666666666668 -0.299962133468 2.79071344433e-07 0.003532878159704712 0.059519173879568406
33.333333333333336 16.666666666666668 0.299963578864 3.11809220679e-07 0.000401289280199009 0.014618462236773338
33.333333333333336 16.666666666666668 -7.01521110662e-05 5.46510638418e-06 0.0024405293431733286 0.004244419508426759
33.333333333333336 16.666666666666668 -7.90813341498e-05 1.95373356626e-05 0.002538851451791936 0.004246384993714334
33.54180381830151 16.458196181698487 0.430162915007 0.50994327352 0.0029249566630110318 0.04164606651958507
33.54180381830151 16.458196181698487 0.430140353244 -0.510018097152 0.003568453625638929 0.0009683387030481449
34.413965087281795 15.586034912718203 -0.474095398048 -0.38911090609 0.001232402782799439 0.3694149181069107
34.52012383900929 15.479876160990711 -0.56238403105 0.799554209014 0.01739779530918112 0.03689676571099556
34.657870512427124 15.342129487572876 0.763095723272 0.799568016005 0.0030962539217722455 0.031431210384297914
34.69543924089378 15.304560759106215 0.514755640904 0.799510049216 0.011730315209084118 0.06917761515377448
34.92159227985525 15.078407720144753 6.22617712351e-05 -4.15578818604e-05 0.002997008120281028 0.004536727637870305
34.962406015037594 15.037593984962406 -0.125615840471 -0.363345074365 0.00112069081084522 0.05315411577878111
35.08353221957041 14.916467780429596 0.800164113854 -0.784292410454 0.07011949044040328 0.015380485523636883
35.1455733808675 14.854426619132502 -0.799785891291 -0.11600264217 0.00200446252047616 0.744027034267094
35.27679623085984 14.723203769140165 0.239308345705 -0.000472719594595 0.0011714530881214284 0.016156447592734678
35.52403011001737 14.475969889982627 -0.799831582259 -0.733597821054 0.001986380297302468 0.7998599304257386
35.714285714285715 14.285714285714286 9.3726223667e-08 2.47751085117e-07 0.0035276530588329107 0.004912402359850338
35.7428001140576 14.2571998859424 -4.65916814044e-05 6.04868629585e-05 0.0034030998175398493 0.004924109514676403
36.22968879096668 13.770311209033325 -0.79991670978 0.510738937044 0.006244710792890398 0.5165633509416853
37.12335822817409 12.876641771825907 -0.44868306762 -0.799533418989 0.0004488481100567133 0.5618106402838124
37.18277364778262 12.81722635221738 -0.560337195822 0.297379597643 0.007470666668523461 0.2590388230099605
37.446648255084106 12.553351744915892 0.469939519226 -0.359902056062 0.007104345727173157 0.0047708810061045884
37.48435544430538 12.515644555694617 0.744987082743 0.696692219616 0.0014730598739264883 0.031001658694702047
37.496874218554645 12.50312578144536 0.231380430006 -0.849251403379 0.0032359381393043418 0.007807862256029028
37.496874218554645 12.50312578144536 0.268689637723 0.849525445855 0.030403801983031643 0.11596259351406075
37.496874218554645 12.50312578144536 -0.731289774044 0.849542066773 0.009425965978491515 0.3448017064407443
37.496874218554645 12.50312578144536 -0.231199993194 0.849563739591 0.032569091276125305 0.0243145734808065
37.496874218554645 12.50312578144536 0.849987828485 0.84947784932 0.00088218020819894 0.01785870433735997
37.496874218554645 12.50312578144536 -0.731394180144 0.849530971991 0.011061411110619005 0.3251835116435891
37.496874218554645 12.50312578144536 -0.850025099674 -0.849396984822 0.00540095476168405 0.7770610288127712
37.496874218554645 12.50312578144536 0.23135178926 -0.849381937063 0.004664657126078102 0.00788814911503906
37.496874218554645 12.50312578144536 -0.268707748195 -0.849465936656 0.00024794936231120206 0.3076662335933445
37.496874218554645 12.50312578144536 -0.231337470049 0.849650153905 0.02966416097951071 0.020666016555519546
37.496874218554645 12.50312578144536 -0.268723451925 -0.849320915947 0.00010214987661633055 0.31804981980227315
37.496874218554645 12.50312578144536 -1.4436674344e-05 -0.000117252225354 0.005537740975175513 0.00611839516700368
37.496874218554645 12.50312578144536 0.268691413956 0.84965466092 0.03513266944230532 0.1246859830990965
37.5 12.5 0.400118332157 -0.599804507799 0.007055941505414368 0.001247901286572468
37.5 12.5 -0.600007504898 0.599874699581 0.011533363366727369 0.2213473386557317
37.5 12.5 -0.60001710568 0.599845512278 0.009448962967106376 0.23050726628175605
37.5 12.5 -0.400039351712 -0.599839274216 0.0004889944830889417 0.4152063170810636
37.5 12.5 -0.400131353646 0.599860236395 0.017120402244694674 0.04367803855684966
37.5 12.5 -0.600035049386 -0.599833696756 0.0008522543966486925 0.7475059350051958
37.5 12.5 -0.299988451426 -0.299928774587 0.0026150421652167406 0.15806349513431311
37.5 12.5 0.70014907643 0.599905128398 0.0010563785109600906 0.03274864089061502
37.5 12.5 1.93328795586e-07 0.299931168255 0.010843785599951408 0.017773766746011246
37.5 12.5 0.700145628486 0.599909044903 0.0010606447333765191 0.03288980629349455
37.5 12.5 -0.499535000001 -0.499355000001 0.0009360753703604453 0.5400332972501364
37.5 12.5 0.700034892443 0.599880721136 0.0011060434393375365 0.032484482556248126
37.5 12.5 0.399970909169 0.599878208765 0.010840733721753789 0.07723804994346144
37.5 12.5 0.599962449488 0.599878623389 0.002303063674548084 0.04811414482524194
37.5 12.5 -0.499970588727 -0.49999228718 0.0012743198988151832 0.5307972916849466
37.5 12.5 0.499546 0.499386000001 0.002862327087226488 0.05230704238126874
37.5 12.5 6.19732756504e-05 0.599854872916 0.022162907277147086 0.04584391148779217
37.5 12.5 0.499546909933 0.499396354202 0.002799594817898746 0.0532444779042231
37.5 12.5 -0.499543717859 -0.499400143562 0.0009891367357217696 0.7354674217087543
37.5 12.5 0.399942401104 0.599913438696 0.013246231274406722 0.08286735076372093
37.5 12.5 0.400035094305 -0.59981035359 0.008524049298499767 0.000854957010751608
37.5 12.5 -0.599952482296 -0.599915398847 0.0012581056758251877 0.7318121994949802
37.5 12.5 -0.699849597985 -0.599711622591 0.001846141762994706 0.840459637699045
37.5 12.5 -2.97878523957e-05 -0.59979908147 6.457182187538736e-05 0.035007760378027906
37.5 12.5 -0.400019796971 0.599962415787 0.015198558397339051 0.04329463308230362
37.5 12.5 0.600009437459 -0.599806193362 0.03614428944766573 0.001704160708895647
37.5 12.5 0.600059311023 -0.599733017627 0.03223453737636298 0.001019683744678712
37.5 12.5 -0.699858447602 -0.599714276313 0.0018322159301058308 0.8395633197398633
37.5 12.5 -0.699871915334 -0.599724537552 0.0018243248605022203 0.8409345837466637
37.5 12.5 -0.699860591587 -0.599726493348 0.0018571449192031778 0.8436121877027914
37.5 12.5 0.299966368345 0.299930698346 0.004437435366632527 0.046530659921501606
37.5 12.5 0.299966146612 -0.29992653913 0.0005889950232393153 0.0067803801846637
37.5 12.5 -0.29996490158 0.29993183401 0.009646588282419656 0.03959101358670883
37.5 12.5 -0.299964616889 -0.299928487243 0.0019489965279034403 0.16836963618991663
37.5 12.5 -0.39996579895 -0.599851017208 0.0011091479444480812 0.4070558446994839
37.5 12.5 4.33454057668e-05 0.59998537033 0.025461186452425667 0.050182191075792255
37.5 12.5 -7.34941479086e-05 -0.599948108885 0.00021959169694142478 0.02809389769409092
37.5 12.5 -1.10599045721e-05 1.78119030986e-05 0.004376549206422121 0.006278301601580498
37.5 12.5 -0.599953930645 -4.88473555518e-05 0.002733132989511662 0.49524000704165677
37.5 12.5 -1.05530324988e-05 1.83057071454e-05 0.004395688978937949 0.0062161325624846405
37.5 12.5 -0.599972302918 0.399920723315 0.006495131938910312 0.31031669982271776
37.5 12.5 0.600038321843 0.399948279469 0.00027930884295464947 0.02948860809466462
37.5 12.5 2.42207546884e-06 -1.56017535415e-07 0.004260964688304285 0.005519222561303983
37.5 12.5 -0.600097982423 0.39993558169 0.008037003437150754 0.3039187823224772
37.5 12.5 5.13207801879e-07 6.50170356391e-07 0.0041477854884600755 0.005460845628921841
37.5 12.5 -0.599958958593 -0.400035500741 0.0011587262598249833 0.6751564943987661
37.5 12.5 -5.39594128582e-05 -0.300017289972 0.0014335330915769147 0.009631222943381458
37.5 12.5 0.599935835445 -0.399967070945 0.025724109652666343 0.0009453644705513472
37.5 12.5 0.599913446783 -5.39756965129e-06 0.008251855315183717 0.008176694806715632
37.5 12.5 0.299954647847 -2.56079073006e-05 0.0008717177785532979 0.02465826036657038
37.5 12.5 -0.600053487394 -6.68161762669e-05 0.0037764996042782854 0.4970194052438008
37.5 12.5 -4.0481352936e-06 0.300036137872 0.01367973015038322 0.021399381398063407
37.5 12.5 0.599908166244 0.600011034004 0.003493789348567328 0.05247452153422377
37.5 12.5 -0.300108249055 -6.64164556496e-05 0.00529565912063354 0.08701084454033656
37.5 12.5 0.60004388238 -0.399866174103 0.023988177402146944 0.0008500244482769174
37.5 12.5 0.600049507071 0.400090240243 0.00044172146172028696 0.03313755352082227
37.5 12.5 -0.299890927331 0.300029786693 0.011238773560039479 0.035707351082862646
37.5 12.5 2.23669198562e-06 5.41264062416e-06 0.0008719799003959287 0.060358945569018184
37.5 12.5 -0.599968944129 -0.399980474136 0.0017014618294877994 0.659727207655922
37.5 12.5 0.499969403661 0.500047107483 0.004947944515718985 0.05930976470407594
37.5 12.5 0.300023009161 0.300047185724 0.005936922475382365 0.0510275496252818
37.5 12.5 0.599951134148 6.34844797509e-06 0.006818299801674831 0.009106685709186177
37.5 12.5 -0.299964800386 3.47100198462e-07 0.005706603551655219 0.08928364231944225
37.5 12.5 0.29996624544 3.87529068264e-07 0.0003806266271637173 0.021931554738446307
37.50312421894527 12.496875781054738 0.499542999999 2.0572578985e-07 0.0046949416993519585 0.01122465497969767
37.50312421894527 12.496875781054738 -0.499548000001 2.06568101878e-07 0.003191478550248457 0.35227113335981736
37.50312421894527 12.496875781054738 0.499535 1.01200879812e-06 0.0020809904632983923 0.01638571822906692
37.50312421894527 12.496875781054738 0.499547 4.56575262029e-07 0.002836079245972105 0.014594561351942426
37.50312421894527 12.496875781054738 -0.499522999999 1.37834671804e-06 0.1771795312382985 0.14603968737776996
37.50312421894527 12.496875781054738 -0.499540000001 5.5678425188e-07 0.003352721871410618 0.3207156501873409
37.78402150012216 12.21597849987784 0.352668790712 -0.400683131515 0.0023810961182940643 0.005257844333628777
37.963408762638416 12.036591237361579 -0.799835090459 0.776581052306 0.008625283464129491 0.535120197569116
37.980769230769226 12.019230769230768 0.739856710376 0.799659753586 0.005064585760813781 0.04720691945327573
37.998079692750835 12.00192030724916 0.560657701892 -0.194085035526 0.011062886332520847 0.0052913694643122195
38.22143698468787 11.778563015312132 0.54485194579 0.799661578366 0.017843236899497995 0.0960245206724535
38.29588014981273 11.704119850187265 -5.02970994357e-05 -1.09455792359e-05 0.004570692654581936 0.0058366630148370255
38.44464987289115 11.555350127108852 0.522629038036 -0.448249975218 0.01728892721749411 0.0019001999293999485
38.80179171332587 11.198208286674133 0.299817896511 -0.171724324637 0.00015104296881185314 0.017612092804976446
38.88394842152068 11.116051578479324 -5.86243045187e-05 -2.43295931047e-05 0.00489496076482902 0.006158609713163885
38.888888888888886 11.11111111111111 2.31274300383e-07 3.53322417139e-07 0.005551915661846465 0.00659689073114603
39.22645981469511 10.773540185304892 0.800138385597 -0.426549528334 0.12252818814228138 0.03342201726323927
39.4135083633284 10.586491636671607 0.427207286842 -0.0335325197842 0.0004184642830345402 0.027258861348921207
39.589839683531125 10.410160316468874 -0.0632926200764 0.799435478662 0.04162680831097096 0.060136394056562376
39.99599839935974 10.004001600640256 -0.800053029362 0.799454530606 0.004553976834604134 0.7546596784183706
39.997999599919986 10.002000400080014 2.82471022101e-05 0.799444299467 0.04032203315984164 0.07778264677851715
39.997999599919986 10.002000400080014 -0.400044698189 -0.7993041596 0.000844081634270238 0.5338665430123463
39.997999599919986 10.002000400080014 -0.400122375595 0.799573508649 0.01865437824757457 0.061289981037232155
39.997999599919986 10.002000400080014 -0.800149097273 -0.799330716402 0.006785706312608249 0.8687386607108818
39.997999599919986 10.002000400080014 0.400044108074 -0.799375777034 0.01878392449417975 0.0003935291278787512
39.997999599919986 10.002000400080014 -0.000116624219964 -0.799390370462 0.0003740310411342115 0.040333189859414094
39.997999599919986 10.002000400080014 0.399937402063 0.799502293249 0.03363431672227536 0.14380708937568928
40.0 10.0 5.76650456278e-05 -8.54444481812e-05 0.006854147606181148 0.007417193741855979
40.0 10.0 -0.800104103114 0.399994744543 0.003196700848271747 0.8680660802799508
40.0 10.0 0.400065580042 -6.57915117762e-05 0.00020601914644019595 0.03453855553875691
40.0 10.0 0.400066899131 0.499963456022 0.010343412457133246 0.08767693601753794
40.0 10.0 -4.20197536287e-05 -0.400047364042 0.0007178009909548104 0.013132096361804457
40.0 10.0 8.81524586098e-05 0.399904796377 0.0194603607362142 0.03074969355809448
40.0 10.0 -0.400157996595 1.10551569418e-05 0.005064846858347426 0.2501377487993284
40.0 10.0 0.800139680142 0.399955771933 0.017382538036868216 0.0036468577671849756
40.0 10.0 -0.400030001843 -0.499986122747 0.0017441393317171026 0.7140959420512276
40.0 10.0 1.19525990708e-05 -1.50504134191e-05 0.00527911976592668 0.0067310365766355875
40.0 10.0 5.30633250376e-07 6.7025802519e-07 0.00460820788996828 0.006260256866187625
40.0 10.0 -0.800084059375 5.52061940001e-05 0.00393051564248551 0.9354102565721647
40.0 10.0 -0.799993364421 -0.399948502501 0.003988699515897542 0.9217139757678491
40.001999600079984 9.998000399920015 -5.6267346621e-05 3.31066344035e-05 0.005605542707935445 0.006998341929692014
40.11075949367089 9.889240506329115 0.313424005219 -0.799411218475 0.009642009025167268 0.0007440325807281322
40.13222814288534 9.867771857114663 -0.283524531349 -0.799219201717 0.0007350595613767515 0.31749089452594736
40.35865792518319 9.641342074816814 -0.800181962085 -0.344443428799 0.0031900093061918515 0.9336392856427861
40.68380845910192 9.31619154089808 0.797744291588 0.795397073627 0.002324010732194447 0.0376659449638257
40.907437715948355 9.092562284051647 -3.10587804758e-05 1.18124463214e-05 0.005226068260424758 0.007243530396135623
40.90909090909091 9.090909090909092 2.095393547e-07 2.92914154429e-07 0.005487113586470913 0.007349129870348657
41.18321283724211 8.81678716275789 -0.497006150578 0.799291167681 0.010137053950198054 0.23534850587633777
41.635998661759785 8.364001338240215 0.613095385341 0.240620025871 0.0029808659634827277 0.030648647867410173
41.666666666666664 8.333333333333334 2.96792814661e-07 3.72123188718e-07 0.005113566997888917 0.007668779135538621
41.666666666666664 8.333333333333334 2.96839923684e-07 3.70835704136e-07 0.005110985293281412 0.007771986868827903
41.666666666666664 8.333333333333334 2.32159011654e-07 2.69647768421e-07 0.005116636485625696 0.007821365570347913
41.666666666666664 8.333333333333334 -0.89987087073 -4.59671177912e-06 0.014436038058285743 0.9529046897943716
41.666666666666664 8.333333333333334 -0.899959478954 -2.85313334399e-06 0.004339327141252326 0.9085640040776225
41.66944351882706 8.330556481172943 0.49955 5.35882219171e-07 0.004089401801027134 0.028973527260072168
41.66944351882706 8.330556481172943 -0.499549 5.58927267666e-07 0.0016572043130639734 0.5466177074018758
41.72048352376221 8.279516476237788 8.79811179842e-06 -1.20437265333e-05 0.005025249646465523 0.007811661094851416
42.30769230769231 7.6923076923076925 2.51334069115e-07 3.07247729589e-07 0.005103464554191399 0.008510180748702764
42.32658072437078 7.673419275629221 -0.800165542008 -0.699340907901 0.0064226105345470885 0.9189932251053857
42.333639987733825 7.666360012266176 -3.70291220576e-05 -1.52420333188e-05 0.004876270563915586 0.008430323441461364
42.467610726122324 7.5323892738776745 0.769754469818 0.306333989297 0.026071447538206307 0.006523882760473356
42.5160904056279 7.4839095943721 0.407924431624 -0.7371860791 0.02596341241757467 0.0024732678868603637
42.68898961836526 7.311010381634741 0.657564262372 0.792533257678 0.01756318904783793 0.12090722182453625
42.71986022131625 7.2801397786837505 0.125766491394 0.799609983831 0.04752461268211464 0.13879107251395253
42.79227331699582 7.20772668300418 -0.0630909225336 -0.758200668638 0.00046883670105919473 0.049306872099982545
42.857142857142854 7.142857142857143 -4.34440583246e-06 -9.28140729749e-06 0.005036576368316903 0.00877789715213343
42.857142857142854 7.142857142857143 4.5272937406e-07 4.67194783085e-07 0.0059001952325688 0.009777186926750777
42.89570900824098 7.104290991759022 0.799932777019 0.147520489834 0.07072781780750488 0.008192199475657951
42.97555493116044 7.024445068839562 -0.800020655995 0.672689436685 0.001753930656712272 1.0225651217217155
43.129980763946136 6.870019236053861 0.00949044599538 -0.798977072587 0.0008783496874896629 0.02065791046588776
43.30117899249733 6.698821007502679 -0.656582314499 -0.799069295387 0.001923125644462016 1.0423458979038651
43.31729484095162 6.682705159048383 0.720401043827 -0.31923254095 0.11945271366398821 0.014335633748606937
43.333333333333336 6.666666666666667 6.32855013315e-07 5.52357995811e-07 0.004453415879780501 0.009807801103384037
43.364299933643 6.635700066357001 -0.0522860392989 -0.322541600486 0.0008853066471610727 0.01683426476891714
43.403693931398415 6.596306068601583 2.50980216757e-05 -5.07105242186e-05 0.00442608937162729 0.009565661153945259
43.40891115212233 6.5910888478776695 -0.709621960444 -0.178523588803 0.001096569482640006 1.0420467047630608
43.41151666886283 6.588483331137172 -0.789279466255 0.067288608463 0.0016966223149203867 1.0352994218774887
43.70673379483952 6.293266205160478 -0.481394701355 0.524815031624 0.001301177285943772 0.49865718371443746
43.75 6.25 0.600008862767 -1.70983203915e-05 0.006731748048784245 0.03820995519386101
43.75 6.25 -0.599996997005 -2.89881401595e-06 0.002350221052598278 0.8679969563396492
43.75 6.25 6.90401266281e-07 5.82383732422e-07 0.0037381871608851785 0.0105409131035509
43.75 6.25 3.78251440966e-06 -2.03421080588e-07 0.0056102550813780265 0.010865819096941527
43.75078115235595 6.249218847644044 -0.39986107182 -1.32088465666e-06 0.0005964071003015043 0.41967668485682547
43.75078115235595 6.249218847644044 0.399866999659 -6.8648400485e-07 0.00018442533425244224 0.06361971615136049
43.75078115235595 6.249218847644044 -0.399866580565 -5.88880036338e-07 0.0006906509534649085 0.41393307184087236
43.75078115235595 6.249218847644044 0.399856443433 2.89776520801e-06 0.00018892693364751112 0.06400833252338012
43.892756809576156 6.107243190423842 1.55253061236e-06 -2.44547691377e-05 0.0040039416327054276 0.010518618187088345
44.05540363809297 5.944596361907027 -0.61019369966 -0.73102349434 0.0007239043101725187 1.0445379764982612
44.11764705882353 5.882352941176471 7.13139416956e-07 5.95962643468e-07 0.0036146984920633865 0.0111265792710867
44.284407864654774 5.715592135345221 -0.20028311741 -0.778847969759 0.0006891716983611269 0.18221337354796716
44.29288893961877 5.707111060381235 1.31920507257e-05 -4.00789427319e-05 0.004128992770484837 0.011974961692180429
44.32398683164944 5.67601316835055 -0.608065856225 0.79948651348 0.0012700099788573065 0.8352494614946989
44.4152797944823 5.584720205517704 -0.800141087454 -0.458841196123 0.002267500484823364 0.9415428776775892
44.442591975102815 5.557408024897188 0.483879364475 0.747863287147 0.036715960788520824 0.22294565009805664
44.442591975102815 5.557408024897188 -0.800081791609 0.799422203386 0.001383169431901083 1.0974010272095795
44.442591975102815 5.557408024897188 -0.799956583473 -0.798879820756 0.0038263160217151967 0.8942612121107747
44.442591975102815 5.557408024897188 -0.603631990822 -0.752452418043 0.0008464980538427677 1.0668518580981008
44.443209602133805 5.556790397866192 -0.900407294693 -2.13658499777e-05 0.00340718277894134 0.8222952536472942
44.443209602133805 5.556790397866192 0.284438831601 -0.751480097734 0.010739846647286696 0.014130745079937237
44.4438270918991 5.556172908100901 0.595577791993 -0.477961834173 0.07132981387557441 0.004595934730665281
44.4438270918991 5.556172908100901 -0.737223078647 0.207443309863 0.0016525215627868248 1.0813354765215726
44.4438270918991 5.556172908100901 0.0778726348925 -0.775914197893 0.000689078790815271 0.004594135969366337
44.44444444444444 5.555555555555555 2.0682688609e-07 4.29282215789e-07 0.0041985872552976825 0.012797594109600938
44.44444444444444 5.555555555555555 -0.397739663849 0.00147795234662 0.0025754618971138327 0.41957995519112457
44.44444444444444 5.555555555555555 0.123660418868 0.108724548002 0.0075885508930899235 0.057110349361221696
44.44629567921803 5.553704320781962 -0.499559 4.97758467292e-07 0.0002647387263957846 0.732412383600585
44.44629567921803 5.553704320781962 -0.499559 4.96475638347e-07 0.000403834628338819 0.732098630989592
44.60451062911406 5.395489370885939 1.01733497846e-06 -8.82377218943e-08 0.003956088493280973 0.01315407908799377
44.73684210526316 5.2631578947368425 8.72017732937e-07 7.24117931329e-07 0.30838824083187555 0.31689005327738434
44.86072566553602 5.139274334463974 -1.11252347674e-06 -3.31258564929e-05 0.0036597694204760288 0.014550479540595651
45.0 5.0 8.87386321041e-07 7.44042960438e-07 0.3048999074088746 0.31460243589623743
45.08212845480476 4.91787154519524 1.18264398763e-05 -6.78784793694e-06 0.004206418596168406 0.015954660248601923
45.09803921568627 4.901960784313726 -2.2533840531e-06 -1.46366981843e-06 0.004884409708889633 0.016863454234237095
45.23809523809524 4.761904761904762 9.05591356723e-07 7.64086206008e-07 0.2879252102002565 0.29936339808862444
45.31088811779049 4.6891118822095095 1.67300203258e-06 -2.73073909536e-05 0.007589234215150262 0.02049467791895305
45.45040946314832 4.549590536851683 1.2811356145e-05 -1.43388986515e-05 0.0040701444725460756 0.019014117073223744
45.45454545454545 4.545454545454546 3.65619772075e-06 5.78387980902e-08 0.004934413694009044 0.01936358135187334
45.45454545454545 4.545454545454546 8.74404515105e-07 7.84036176137e-07 0.2783306997542692 0.2749140214754941
