25.0 25.0 0.400011354106 0.799907395909 0.0003857825921826 0.0029130976264813
25.0 25.0 0.400041208769 0.799924552819 0.000693580783148 0.002631255940005
25.0 25.0 0.135561751554 0.726632988625 0.0004421886366564 0.0021237132621885
25.0 25.0 0.731186669536 0.793727353513 0.0021425960341291 0.0019906820214273
25.0 25.0 0.998000728154 0.998000755108 0.0046286748200022 0.002322806536992
25.0 25.0 0.599991103591 0.599991112831 0.000395338007637 0.0027647627588739
25.0 25.0 0.799792895488 0.799793125851 0.0023861820261187 0.0019719282858766
25.0 25.0 0.600020363324 0.600020397894 0.0009236417225158 0.0021418930887852
25.0 25.0 1.20921763909e-07 1.22190264669e-07 0.0009478912163741 8.459782849381736e-05
25.0 25.0 1.20945405263e-07 1.22204953013e-07 0.0008462441412814 8.958509407462003e-05
25.0 25.0 1.21129378948e-07 1.22351538718e-07 0.0009620887760676 0.000151575586774
25.0 25.0 1.20916716917e-07 1.2219203119e-07 0.0011273928172232 0.0001372998093561
25.0 25.0 1.2097214812e-07 1.22275004135e-07 0.000930333886529 6.279838270071941e-05
25.0 25.0 1.2089943421e-07 1.22175940602e-07 0.0008889222107324 6.490971019936388e-05
25.0 25.0 1.20918013158e-07 1.22196547736e-07 0.0010061296464197 7.146800399535906e-05
25.0 25.0 1.20706276316e-07 1.2202822782e-07 0.0011907699722796 0.0001019692202527
25.0 25.0 9.65992042856e-08 9.51495038723e-08 0.0011188816065655 0.0002816028832065
25.0 25.0 9.48400673307e-08 9.3147982293e-08 0.0001674435836295 0.0003535961599455
25.0 25.0 0.20003497356 0.20003497599 0.0003303495047085 0.0011568941743699
25.0 25.0 0.436549999997 0.436549999998 0.0005022050997826 0.0018696114924893
25.0 25.0 0.849825672617 0.849825668474 0.0015917617020076 0.0016866387526238
25.0 25.0 0.899737307658 0.899737301628 0.0020974790512766 0.0015393904306232
25.0 25.0 2.65408380851e-05 2.64339044381e-05 0.000741513200685 8.91472380757106e-05
25.0 25.0 0.437577200796 0.437577185317 0.000179080534661 0.0025856043433864
25.0 25.0 2.62106336146e-05 2.61309723607e-05 0.000748686505892 8.900257213615193e-05
25.0 25.0 0.500047452012 0.500047499325 0.0001792260751439 0.0028740141294935
25.0 25.0 0.969503999999 0.969504000001 0.0036712196612135 0.0018538780296619
25.0 25.0 0.799846238327 0.799846240079 0.002582509805779 0.0020085368882662
25.0 25.0 0.949586305767 0.949586327518 0.0029086771246226 0.001580718137651
25.0 25.0 2.59902617848e-05 2.62784467665e-05 0.0007038276470177 8.666201119241598e-05
25.0 25.0 0.994246477574 0.994246846517 0.0044427549602597 0.0022231557371071
25.0 25.0 0.959555089678 0.959555155081 0.0034046066492225 0.001751422778237
25.0 25.0 0.799873613923 0.799873563675 0.0010624855591777 0.0020742255605003
25.0 25.0 0.799875676879 0.799875899098 0.001215393602125 0.0020008223128928
25.0 25.0 0.799914264418 0.799914012559 0.0024392357792093 0.0019892568458733
25.0 25.0 0.68240516816 0.66767691932 0.0012553346314659 0.0022361308744368
25.0 25.0 0.506666394986 0.288020992324 0.0006232662351684 0.0017698830761137
25.0 25.0 0.599857590977 0.399887931601 0.0004983265714246 0.0022706678509989
25.0 25.0 0.599980017325 3.03217649277e-06 0.0001979760961164 0.0018720147569978
25.0 25.0 0.599964597756 6.88910172714e-06 0.0004816797874283 0.0013731378741813
25.0 25.0 0.649960086792 0.249998882042 0.0001668026786494 0.0026522619903727
25.0 25.0 0.649960888856 0.250012833718 0.0004280678526529 0.0021578378772079
25.0 25.0 0.779143104361 0.533671239134 0.0010460469395141 0.0023409800337984
25.0 25.0 0.75268508647 0.0879806378364 0.0004065318286491 0.0021396732528236
25.0 25.0 0.899797939478 0.50004102527 0.0011658355266305 0.0023718917511415
25.0 25.0 0.89973612622 7.73033751787e-06 0.0003274539907719 0.0026388315688773
25.0 25.0 0.899805253084 0.50001649341 0.0006319239371395 0.002795693587013
25.0 25.0 0.89979327394 2.11573408668e-06 0.0001324716417811 0.0032517498844268
25.0 25.0 0.499507999998 1.03335190226e-07 0.0013408015792423 0.0007903837329524
25.12437810945274 24.875621890547265 0.249968490735 0.499963472467 0.0005151537872262 0.0016133944504748
26.830398517145504 23.169601482854496 0.799736754383 0.0284620366004 0.0004468316339552 0.0052505893781667
27.127172918572736 22.872827081427264 0.419942417905 0.380019411669 0.0006808554538176 0.0016459588098891
27.487618190004504 22.512381809995496 0.000145609380623 9.70591619125e-05 0.0012014566395256 0.0001698191071857
27.73820124666073 22.26179875333927 0.411928577093 0.759272586604 0.001962537956036 0.0012275667168655
27.77777777777778 22.22222222222222 0.000151919629602 0.799992469376 0.0037363371851286 0.0006403695873864
27.77777777777778 22.22222222222222 0.400139285381 0.80000583972 0.0024977130580909 0.0011917344381241
27.77777777777778 22.22222222222222 0.00010506770919 0.399988726055 0.0023812483532308 0.0003016646157141
27.77777777777778 22.22222222222222 0.799747589575 0.400013191404 0.0007652439970146 0.0050276874759081
28.098992553657464 21.901007446342533 0.00967397539295 0.799765563861 0.0044270110694447 0.0007055400889548
29.25311203319502 20.746887966804977 0.500003562202 0.399998684378 2.7888391329424135e-05 0.0112386030954577
29.591836734693874 20.40816326530612 0.697763404354 0.787668362791 0.0025482566250612 0.001661554680029
30.0 20.0 0.949893478455 0.949303274786 0.0041051316039492 0.0021600881389202
30.0 20.0 0.599684099132 0.799888446923 0.0036709230181388 0.0015246794606707
30.0 20.0 1.47347113534e-07 2.36765414661e-07 0.001462770992753 0.0001074582360143
30.0 20.0 8.64427645114e-08 1.55363889098e-07 0.0014527765602994 7.138685040363817e-05
30.0 20.0 3.19013830056e-05 9.78256321077e-05 0.0013059729657872 9.828559952040188e-05
30.0 20.0 0.499985954748 0.500005768637 3.267003566121428e-05 0.0126043656003547
30.00799680127949 19.992003198720514 0.499524000001 2.35041657142e-07 0.0001286474065941 0.0040850248599536
30.00799680127949 19.992003198720514 0.499512906015 4.11085265413e-07 0.000129800619029 0.0043231271158321
30.19017432646593 19.80982567353407 0.0101729142906 0.736746439061 0.0094401647173579 0.0020364595624333
31.818181818181817 18.181818181818183 0.60019045799 0.799745803546 0.0051254146394554 0.0015256396427852
31.818181818181817 18.181818181818183 0.400069974645 0.799880170968 0.0086446717998247 0.0019232236139695
31.818181818181817 18.181818181818183 0.19995045192 0.799946825601 0.01225086210404 0.0028777799142082
31.818181818181817 18.181818181818183 0.000201870033387 0.399843228605 0.0067836791892369 0.0012447250170687
31.818181818181817 18.181818181818183 0.799632484984 0.400096389713 0.0028631957511688 0.0108077353317646
31.988472622478387 18.011527377521617 0.0332284492026 0.288764149284 0.00464789885022 0.0006439492134572
32.4622939319537 17.5377060680463 0.79988131933 0.669003141585 0.0009593028657402 0.0035061871232606
33.045100033909804 16.954899966090203 0.00852399236697 0.543855385016 0.0116942616181262 0.0030265867144083
33.18197107299025 16.818028927009756 0.799807974071 0.12627468861 0.0117898629166522 0.0267117537275302
33.22710499832272 16.77289500167729 0.245785322589 0.0787364543979 0.0013608821395761 0.0006936694468083
33.333333333333336 16.666666666666668 0.128673834147 0.849670254084 0.0182864038976754 0.0051532749055372
33.333333333333336 16.666666666666668 0.128627664472 0.849634892127 0.0202228943761882 0.0060731814734047
33.333333333333336 16.666666666666668 0.000215974893051 0.799547772535 0.0218414890411458 0.0077019830308935
33.333333333333336 16.666666666666668 0.199988949495 0.400076092558 0.0058848432834208 0.0006224398352644
33.333333333333336 16.666666666666668 0.800085834633 0.799876487708 0.0025872017478789 0.0019333121484875
33.333333333333336 16.666666666666668 0.849845342039 0.84976984727 0.0011520692663862 0.0018772478596339
33.333333333333336 16.666666666666668 0.000145817738971 0.599803964671 0.0136388518533985 0.0037770502549897
33.333333333333336 16.666666666666668 0.400042605275 0.399934265816 0.0023571933674147 0.0010425636672832
33.333333333333336 16.666666666666668 0.849873592271 0.849822440966 0.0027129565675478 0.0018814973645345
33.333333333333336 16.666666666666668 0.199855451192 9.41905622539e-05 0.0012869766548575 0.0005492405091
33.333333333333336 16.666666666666668 0.500050226443 0.499945709823 0.001983280393593 0.0013179080209964
33.333333333333336 16.666666666666668 0.499537454078 0.499452032494 0.001134092570705 0.0017114298167089
33.333333333333336 16.666666666666668 0.600006121693 0.599798108242 0.001785170255923 0.001585991465197
33.333333333333336 16.666666666666668 0.59992834899 0.599985848278 0.0009333400163783 0.0020943682506858
33.333333333333336 16.666666666666668 0.299963708058 0.299942015187 0.0025491549400983 0.0006147803751768
33.333333333333336 16.666666666666668 3.19079256889e-05 0.299940096426 0.0064917957993885 0.0011566795480168
33.333333333333336 16.666666666666668 2.49131120301e-07 5.29196403758e-07 0.0021149058513001 0.0001161599280872
33.333333333333336 16.666666666666668 0.29985095146 0.300046681888 0.0025125643990389 0.0006802287562658
33.333333333333336 16.666666666666668 0.299963578864 3.11809220679e-07 0.000401289280199 0.0018852453451435
33.54180381830151 16.458196181698487 0.430162915007 0.50994327352 0.002924956663011 0.0008080265257697
34.657870512427124 15.342129487572876 0.763095723272 0.799568016005 0.0030962539217722 0.0017202816521611
34.69543924089378 15.304560759106216 0.514755640904 0.799510049216 0.0117303152090841 0.0028110242353486
35.714285714285715 14.285714285714286 9.3726223667e-08 2.47751085117e-07 0.0035276530588329 0.0004035573035797
37.48435544430538 12.515644555694616 0.744987082743 0.696692219616 0.0014730598739264 0.0030694853611534
37.496874218554645 12.50312578144536 0.268689637723 0.849525445855 0.0304038019830316 0.0089386912548283
37.496874218554645 12.50312578144536 0.849987828485 0.84947784932 0.0008821802081989 0.003497446762444
37.496874218554645 12.50312578144536 0.268691413956 0.84965466092 0.0351326694423053 0.0115929740655923
37.5 12.5 0.70014907643 0.599905128398 0.00105637851096 0.0037923876234925
37.5 12.5 1.93328795586e-07 0.299931168255 0.0108437855999514 0.0023983992737351
37.5 12.5 0.700145628486 0.599909044903 0.0010606447333765 0.0037972206291968
37.5 12.5 0.700034892443 0.599880721136 0.0011060434393375 0.0037763502308341
37.5 12.5 0.399970909169 0.599878208765 0.0108407337217537 0.0011948284934775
37.5 12.5 0.599962449488 0.599878623389 0.002303063674548 0.0017961579004874
37.5 12.5 0.499546 0.499386000001 0.0028623270872264 0.0014464245890984
37.5 12.5 6.19732756504e-05 0.599854872916 0.022162907277147 0.0071508626542634
37.5 12.5 0.499546909933 0.499396354202 0.0027995948178987 0.0016125162954372
37.5 12.5 0.399942401104 0.599913438696 0.0132462312744067 0.0019816371818304
37.5 12.5 0.299966368345 0.299930698346 0.0044374353666325 0.0006397306343302
37.5 12.5 4.33454057668e-05 0.59998537033 0.0254611864524256 0.0090972066052384
37.5 12.5 0.600038321843 0.399948279469 0.0002793088429546 0.0074278178018012
37.5 12.5 5.13207801879e-07 6.50170356391e-07 0.00414778548846 0.000459806142545
37.5 12.5 0.599908166244 0.600011034004 0.0034937893485673 0.0014416332928113
37.5 12.5 0.600049507071 0.400090240243 0.0004417214617202 0.0061483146714361
37.5 12.5 2.23669198562e-06 5.41264062416e-06 0.0008719799003959 0.0004856263511513
37.5 12.5 0.499969403661 0.500047107483 0.0049479445157189 0.0011006850799551
37.5 12.5 0.300023009161 0.300047185724 0.0059369224753823 0.0004672027543066
37.5 12.5 0.599951134148 6.34844797509e-06 0.0068182998016748 0.0250323405345667
37.5 12.5 0.29996624544 3.87529068264e-07 0.0003806266271637 0.0035056887593366
37.50312421894527 12.496875781054738 0.499542999999 2.0572578985e-07 0.0046949416993519 0.0221525552643924
37.50312421894527 12.496875781054738 0.499535 1.01200879812e-06 0.0020809904632983 0.0157633287544263
37.50312421894527 12.496875781054738 0.499547 4.56575262029e-07 0.0028360792459721 0.0178227489616525
37.980769230769226 12.019230769230768 0.739856710376 0.799659753586 0.0050645857608137 0.0014129762932148
38.22143698468787 11.778563015312132 0.54485194579 0.799661578366 0.0178432368994979 0.0040322474736668
38.888888888888886 11.11111111111111 2.31274300383e-07 3.53322417139e-07 0.0055519156618464 0.0007834466610724
39.99799959991999 10.002000400080014 2.82471022101e-05 0.799444299467 0.0403220331598416 0.0157916623940858
39.99799959991999 10.002000400080014 0.399937402063 0.799502293249 0.0336343167222753 0.0081788339491261
40.0 10.0 8.81524586098e-05 0.399904796377 0.0194603607362142 0.0055797568154667
40.0 10.0 0.800139680142 0.399955771933 0.0173825380368682 0.040961812652626
40.68380845910192 9.31619154089808 0.797744291588 0.795397073627 0.0023240107321944 0.0036926849492095
40.90909090909091 9.090909090909092 2.095393547e-07 2.92914154429e-07 0.0054871135864709 0.0004491203807322
41.635998661759785 8.364001338240215 0.613095385341 0.240620025871 0.0029808659634827 0.0238844464261251
41.66666666666666 8.333333333333334 2.96792814661e-07 3.72123188718e-07 0.0051135669978889 0.0002735611948583
41.66666666666666 8.333333333333334 2.96839923684e-07 3.70835704136e-07 0.0051109852932814 0.0002583965527283
41.66666666666666 8.333333333333334 2.32159011654e-07 2.69647768421e-07 0.0051166364856256 0.0002538431990218
41.66944351882706 8.330556481172943 0.49955 5.35882219171e-07 0.0040894018010271 0.0322230445363136
42.30769230769231 7.6923076923076925 2.51334069115e-07 3.07247729589e-07 0.0051034645541913 0.0001999729331283
42.46761072612232 7.532389273877674 0.769754469818 0.306333989297 0.0260714475382063 0.0635952371762668
42.68898961836526 7.311010381634741 0.657564262372 0.792533257678 0.0175631890478379 0.0020126448293867
42.71986022131625 7.2801397786837505 0.125766491394 0.799609983831 0.0475246126821146 0.0120628348736871
42.85714285714285 7.142857142857143 4.5272937406e-07 4.67194783085e-07 0.0059001952325688 0.0003384122813555
42.89570900824098 7.104290991759022 0.799932777019 0.147520489834 0.0707278178075048 0.1272641570775726
43.333333333333336 6.666666666666667 6.32855013315e-07 5.52357995811e-07 0.0044534158797805 0.0001566042473158
43.75 6.25 6.90401266281e-07 5.82383732422e-07 0.0037381871608851 0.0003123410154157
43.75078115235595 6.249218847644044 0.399856443433 2.89776520801e-06 0.0001889269336475 0.0243127992107474
44.11764705882353 5.882352941176471 7.13139416956e-07 5.95962643468e-07 0.0036146984920633 0.0005173858040807
44.44444444444444 5.555555555555555 0.123660418868 0.108724548002 0.0075885508930899 0.0021539335965429
44.73684210526316 5.2631578947368425 8.72017732937e-07 7.24117931329e-07 0.3083882408318755 0.3055974206935736
45.0 5.0 8.87386321041e-07 7.44042960438e-07 0.3048999074088746 0.316656335586834
45.23809523809524 4.761904761904762 9.05591356723e-07 7.64086206008e-07 0.2879252102002565 0.3051394810679244
45.45454545454545 4.545454545454546 3.65619772075e-06 5.78387980902e-08 0.004934413694009 0.0010656460023807
45.45454545454545 4.545454545454546 8.74404515105e-07 7.84036176137e-07 0.2783306997542692 0.3323124791283217
25.0 25.0 -0.49997637681 0.899800287425 0.0001461231612647 0.0003319123784119
25.0 25.0 -0.499971005341 0.899740802191 0.0003186590428495 0.0002136007783659
25.0 25.0 -0.000101040812844 0.799759107702 0.0004535938890701 0.0001753716397398
25.0 25.0 -0.400001421475 0.799916096272 0.000202064014152 0.0002443956733886
25.0 25.0 -0.39995737464 0.79989807354 0.0004989266520663 0.0001128616401799
25.0 25.0 -0.419839603751 0.696569287598 0.0006339660871174 0.000130343915966
25.0 25.0 -2.82725436903e-05 0.399972361715 0.0005802719770055 8.29358391977273e-05
25.0 25.0 -0.499501865182 0.499506233092 7.791029916893919e-05 0.0012335489398764
25.0 25.0 -0.599969375919 0.599983044885 0.0003184449376261 0.0008426658029704
25.0 25.0 -0.899630844556 0.899744041859 0.0005351131409807 0.0008242269225106
25.0 25.0 -0.79984246617 0.799896216638 0.0002469424128264 0.0010635318419702
25.0 25.0 -0.59991105657 0.599991817414 0.00061893063721 0.0005117585566487
25.0 25.0 -0.799757681307 0.79991875486 0.0003754782772018 0.0008713914319758
25.0 25.0 -0.799706344643 0.799953513119 0.0005687689813682 0.0006176321021048
25.0 25.0 -0.899685955589 0.89978825606 0.0002043051080257 0.0012403302475505
25.0 25.0 -0.60044573861 0.399946655751 0.0005358739835541 0.0012717692752959
25.0 25.0 -0.5999577114 6.12476786775e-06 0.0001933195490678 0.005021380328468
25.0 25.0 -0.600395197698 1.8785807689e-05 0.0003963251622403 0.004494563740106
25.0 25.0 -0.299953615163 1.65175497463e-07 0.0009274898915883 0.0014505605469265
25.0 25.0 -0.754550131217 0.342871950237 0.0006450610932434 0.0021958080071895
25.0 25.0 -0.899655944881 8.13851291628e-06 0.0002093582522036 0.009897410459471
25.0 25.0 -0.499501999999 1.40554629323e-07 0.0007153215136454 0.0025217674636808
25.96153846153846 24.038461538461537 -0.000137820591851 0.686524741271 0.0012804942434576 0.0004054270302932
26.29208155523945 23.70791844476055 -0.136747559106 0.434629127864 0.0014552440947919 0.000113470153586
26.514795678722408 23.4852043212776 -0.00557946036246 0.74181966415 0.0016138540182504 0.0006112815581568
27.011494252873565 22.98850574712644 -0.827690099067 0.734106450265 0.0026029029536391 0.0005136098780433
27.29336966394187 22.70663033605813 -5.04190424195e-05 8.54380825816e-05 0.0006095770303463 0.0004729953825418
27.77777777777778 22.22222222222222 -0.200029263751 0.799999064759 0.0044865874100303 0.0019570264766503
27.77777777777778 22.22222222222222 -0.400165224501 0.799955150829 0.0045567280837116 0.0013136548848959
27.77777777777778 22.22222222222222 -0.600308998951 0.799911337065 0.005191550758137 0.0009229980952682
27.77777777777778 22.22222222222222 -0.800402621097 0.400002069057 0.0020127581326775 0.001644230264495
27.827050997782703 22.172949002217297 -0.799743761785 0.511790929031 0.0023186842024721 0.0009784411785048
28.503869303525363 21.496130696474637 -0.0949460823579 0.55447978185 0.003819503239632 0.0012243077087186
29.044425817267392 20.955574182732605 -0.58129509439 0.799911831499 0.0078437019929293 0.0018107231486112
29.15798249270529 20.842017507294702 -0.710930082225 0.22042719202 0.002147385067804 0.0021393148637551
30.0 20.0 -0.000163735472698 0.799716266708 0.0091394829242751 0.0059386997661547
30.0 20.0 -0.200319096228 0.799729259729 0.0104847724606585 0.0056213525834294
30.0 20.0 -0.499517 0.499464999999 0.0063778237678528 0.0006218289365554
30.0 20.0 -7.89224863575e-05 0.400144299241 0.0041907153351154 0.0012703515373051
30.00799680127949 19.992003198720514 -0.499523999999 1.33703095489e-07 0.0013708764565001 0.0022346359835619
30.00799680127949 19.992003198720514 -0.499520000002 2.1691434624e-07 0.0015633883621418 0.0020415668985022
30.00799680127949 19.992003198720514 -0.499515 2.97155851127e-07 0.000931728304055 0.0028429819256436
30.71731585036637 19.282684149633628 -0.327588339957 0.747191606962 0.6808924629308812 0.6839984633610338
31.536189069423923 18.46381093057607 -0.787563932112 0.767468791042 0.0090025769417963 0.0007059323752709
31.818181818181817 18.181818181818183 -0.60033405856 0.799750317529 0.0134180759893308 0.0033243538665288
31.818181818181817 18.181818181818183 -0.200272386321 0.799947173544 0.0170031070209784 0.0097090790346293
31.818181818181817 18.181818181818183 -0.000170754961429 0.799951635257 0.0150886560161684 0.0103453379838517
31.818181818181817 18.181818181818183 -0.800442597331 0.399980064359 0.0041249386135937 0.0015044782126299
32.332155477031804 17.6678445229682 -0.499967317873 0.40000742801 0.0001988879262494 0.0009942298295821
32.344632768361585 17.65536723163842 -0.000150020652343 0.000126418627088 0.0022011347555775 7.72806825593907e-05
33.32777592530844 16.672224074691563 -0.371315271613 0.849659288808 0.0196162543773473 0.0090239621110192
33.333333333333336 16.666666666666668 -0.37139537059 0.849721809296 0.0205092408766846 0.0096248380298754
33.333333333333336 16.666666666666668 -0.871278761122 0.849690979699 0.0092569369675623 0.0002916258161241
33.333333333333336 16.666666666666668 -8.5587540528e-05 0.400023168065 0.0095597645517875 0.0041484614350361
33.333333333333336 16.666666666666668 -0.871221610864 0.849674936374 0.0104150627937477 0.0005400475621681
33.333333333333336 16.666666666666668 -0.200242586132 0.399964801451 0.0105300308836574 0.0031630296012093
33.333333333333336 16.666666666666668 -0.300023644158 1.38869513916e-05 0.0034279390824192 0.0002300714706755
33.333333333333336 16.666666666666668 -2.34575632498e-05 0.599955526173 0.0124971946017563 0.006994539860623
33.333333333333336 16.666666666666668 -0.600025546151 0.599910029522 0.0095394791205114 0.0007444436640057
33.333333333333336 16.666666666666668 -0.299962121951 0.299942734926 0.0078849870316602 0.001063410650835
33.333333333333336 16.666666666666668 -0.600463016195 8.2298871945e-05 0.0028918618815076 0.002266322059274
33.333333333333336 16.666666666666668 -6.6674636096e-05 1.11438952571e-05 0.0025544202420172 8.595157832976352e-05
33.333333333333336 16.666666666666668 -0.299962133468 2.79071344433e-07 0.0035328781597047 0.0001449532216188
33.333333333333336 16.666666666666668 -7.01521110662e-05 5.46510638418e-06 0.0024405293431733 7.852774984839714e-05
33.333333333333336 16.666666666666668 -7.90813341498e-05 1.95373356626e-05 0.0025388514517919 8.945667282284445e-05
34.52012383900929 15.479876160990711 -0.56238403105 0.799554209014 0.0173977953091811 0.0043803106727675
35.7428001140576 14.2571998859424 -4.65916814044e-05 6.04868629585e-05 0.0034030998175398 0.0002360156840738
36.22968879096668 13.770311209033324 -0.79991670978 0.510738937044 0.0062447107928903 0.0008580576897734
37.18277364778262 12.81722635221738 -0.560337195822 0.297379597643 0.0074706666685234 0.0002497203202876
37.496874218554645 12.50312578144536 -0.731289774044 0.849542066773 0.0094259659784915 0.0001972376189371
37.496874218554645 12.50312578144536 -0.231199993194 0.849563739591 0.0325690912761253 0.0180024273632487
37.496874218554645 12.50312578144536 -0.231337470049 0.849650153905 0.0296641609795107 0.0161896199492201
37.5 12.5 -0.600007504898 0.599874699581 0.0115333633667273 0.0007582853399242
37.5 12.5 -0.400131353646 0.599860236395 0.0171204022446946 0.0044953907920027
37.5 12.5 -0.400019796971 0.599962415787 0.015198558397339 0.0034726417816186
37.5 12.5 -0.29996490158 0.29993183401 0.0096465882824196 0.0013465147073339
37.5 12.5 -1.10599045721e-05 1.78119030986e-05 0.0043765492064221 0.0005528726903764
37.5 12.5 -1.05530324988e-05 1.83057071454e-05 0.0043956889789379 0.0005478745507529
37.5 12.5 -0.599972302918 0.399920723315 0.0064951319389103 0.0001316976731203
37.5 12.5 -0.600097982423 0.39993558169 0.0080370034371507 0.0001985926602534
37.5 12.5 -4.0481352936e-06 0.300036137872 0.0136797301503832 0.00602407653085
37.5 12.5 -0.299890927331 0.300029786693 0.0112387735600394 0.0018842596150037
37.5 12.5 -0.299964800386 3.47100198462e-07 0.0057066035516552 0.0001272712863013
37.50312421894527 12.496875781054738 -0.499548000001 2.06568101878e-07 0.0031914785502484 0.000922519704103
37.50312421894527 12.496875781054738 -0.499522999999 1.37834671804e-06 0.1771795312382985 0.1476373249280119
37.50312421894527 12.496875781054738 -0.499540000001 5.5678425188e-07 0.0033527218714106 0.0010259868757569
37.963408762638416 12.03659123736158 -0.799835090459 0.776581052306 0.0086252834641294 0.0003844084256569
39.589839683531125 10.410160316468874 -0.0632926200764 0.799435478662 0.0416268083109709 0.027711779768777
39.99799959991999 10.002000400080014 -0.400122375595 0.799573508649 0.0186543782475745 0.0057711544899488
40.0 10.0 -0.800104103114 0.399994744543 0.0031967008482717 0.0017533802601625
40.0 10.0 -0.400157996595 1.10551569418e-05 0.0050648468583474 0.000754767052824
40.0 10.0 -0.800084059375 5.52061940001e-05 0.0039305156424855 0.0019492189318571
40.001999600079984 9.998000399920016 -5.6267346621e-05 3.31066344035e-05 0.0056055427079354 0.0010754900091775
40.90743771594836 9.092562284051647 -3.10587804758e-05 1.18124463214e-05 0.0052260682604247 0.0010014642269361
41.18321283724211 8.81678716275789 -0.497006150578 0.799291167681 0.010137053950198 0.00207824144044
41.66944351882706 8.330556481172943 -0.499549 5.58927267666e-07 0.0016572043130639 0.0016969534821494
42.97555493116044 7.024445068839562 -0.800020655995 0.672689436685 0.0017539306567122 0.0026407665559705
43.41151666886283 6.588483331137172 -0.789279466255 0.067288608463 0.0016966223149203 0.0035477186808788
43.70673379483952 6.293266205160478 -0.481394701355 0.524815031624 0.0013011772859437 0.0017039350117292
44.32398683164944 5.67601316835055 -0.608065856225 0.79948651348 0.0012700099788573 0.0037698772563699
44.442591975102815 5.557408024897188 -0.800081791609 0.799422203386 0.001383169431901 0.0059648500002927
44.4438270918991 5.556172908100901 -0.737223078647 0.207443309863 0.0016525215627868 0.0034906319373411
44.44444444444444 5.555555555555555 -0.397739663849 0.00147795234662 0.0025754618971138 0.004725527216339
44.44629567921803 5.553704320781962 -0.499559 4.97758467292e-07 0.0002647387263957 0.0037683344122183
44.44629567921803 5.553704320781962 -0.499559 4.96475638347e-07 0.0004038346283388 0.0035662151525306
25.0 25.0 -0.470684177846 -0.793448844324 0.000349100475613 0.0003584020376373
25.0 25.0 -0.40000233413 -0.799860789321 0.0002508522499378 0.0003701044503611
25.0 25.0 -0.399974420371 -0.799829092286 0.0002467767561556 0.0002999658608144
25.0 25.0 -0.200198064124 -0.400023432845 0.0003841260484812 0.000129937685784
25.0 25.0 -7.69375917008e-05 -0.400061942952 0.0007693527369697 0.0001293400894163
25.0 25.0 -0.899568306491 -0.899568805382 0.0002984297354186 6.862449576081784e-05
25.0 25.0 -5.32285340701e-05 -5.28798410678e-05 0.0008826482316234 0.0001323536698769
25.0 25.0 -0.799744603788 -0.799744506848 0.0004113930820938 0.0002751730313115
25.0 25.0 -0.799862764462 -0.79986276568 0.0003058661000543 0.0001872397914569
25.0 25.0 -0.969242733008 -0.969242734905 0.0004930314190548 0.0001888447894091
25.0 25.0 -0.437502219052 -0.437502611189 0.0001345350318754 0.0002358532369614
25.0 25.0 -0.437567999996 -0.437568000003 0.0004603172046474 0.0003985825715784
25.0 25.0 -1.13493976198e-07 -1.1371062991e-07 0.0004198532272435 7.323487298570002e-05
25.0 25.0 -3.67050658542e-09 -2.1572848954e-09 0.0006269890052902 5.8331980590877934e-05
25.0 25.0 -0.437585851205 -0.437585791869 0.0001478842600373 0.0002268938966693
25.0 25.0 -0.199980174996 -0.199980162465 0.0003035064611326 6.603381186692073e-05
25.0 25.0 -0.599971830692 -0.599971790623 0.0002347384775536 0.0002858203496947
25.0 25.0 -0.799759895663 -0.799759926259 0.0002828203350842 0.0001694333824699
25.0 25.0 -0.799883141338 -0.799883405991 0.000310958447548 0.0001717387542633
25.0 25.0 -0.437570604757 -0.437570674407 0.0007186185838425 0.0003705453582631
25.0 25.0 -0.599956872698 -0.599956970486 0.0002436130311111 0.0003638605050886
25.0 25.0 -0.43753905849 -0.43753989932 0.0001419063526323 0.0002318923616549
25.0 25.0 -0.800507256936 -0.799868497864 0.0004015199654151 0.0002805161321919
25.0 25.0 -0.244009450608 -0.101750454105 0.0006127773162006 0.0001007833779855
25.0 25.0 -0.300027884029 -3.18073325862e-05 0.0006205562602922 7.560107461671383e-05
25.0 25.0 -0.200049571205 -5.31564332134e-05 0.0014351417069215 0.0015976055341937
25.0 25.0 -0.600419715134 -0.399991567221 0.0003387772421963 0.0002344224331875
25.0 25.0 -0.599968038285 -1.02573825843e-05 0.0003127025442458 9.927360767971292e-05
25.0 25.0 -0.62496553542 -0.250014578029 0.0002351559631928 0.000145265619548
25.0 25.0 -0.624943094889 -0.249991599977 0.0001555235706316 0.000205527409567
25.0 25.0 -0.768582826408 -0.199710812945 0.0002672905037018 0.0003011675763273
25.0 25.0 -0.89969091504 -0.499967916089 0.0003247645507421 0.0002705388761717
25.0 25.0 -0.899729295006 -0.500003348036 0.0003119310997546 0.0002928265149145
25.0 25.0 -0.899697323271 -8.80018021692e-06 0.0001647706323424 0.0002793236070529
25.429975429975425 24.570024570024568 -0.228140654772 -0.0023649462548 0.000895737898969 0.0001660928906944
26.711690731252908 23.288309268747085 -0.10523681485 -0.00913355549311 0.0007779520737285 8.501484533223986e-05
27.25204731574158 22.74795268425842 -0.207346713189 -0.469549068806 0.000252813805022 0.000170297243114
27.77777777777778 22.22222222222222 -0.600343576112 -0.799705774072 0.000326798962476 0.0002876033820177
27.77777777777778 22.22222222222222 -0.200311794727 -0.799851515689 0.0002458151697767 0.0004797411195882
27.77777777777778 22.22222222222222 -0.000149024791456 -0.799840810175 0.0001476373975725 0.0004871225441471
27.77777777777778 22.22222222222222 -2.50830978559e-05 -0.400096424635 0.0002974907144937 0.0001359779039949
27.77777777777778 22.22222222222222 -0.00013651341692 -2.54535974111e-05 0.0015782667659605 0.0004308549232436
27.77777777777778 22.22222222222222 -0.800380232098 -0.399912485223 0.0003547145077536 0.0002201526477011
27.77777777777778 22.22222222222222 -0.000192360521025 -0.000228315852947 0.0017211887760816 0.0006426122507914
28.54077253218884 21.45922746781116 -0.775210026528 -0.799590852351 0.0003717888788921 0.0001777963282981
30.0 20.0 -0.200141045564 -0.79961715359 0.0001655161098539 0.0005304811161447
30.0 20.0 -2.40141393725e-05 -0.799626364917 0.0002393766488539 0.0010728319910303
30.0 20.0 -0.800477735367 -0.399857317341 0.0004258469134528 0.0001826493705052
30.150853513298923 19.84914648670107 -0.728628690705 -0.789301138518 0.0004836477793909 0.0001425640612036
30.37676609105181 19.623233908948198 -0.799842483725 -0.309608332274 0.000601207572143 0.0001870530496549
30.3921568627451 19.607843137254903 -0.556963537106 -0.799605839673 0.0002594495638126 0.0003497660670306
31.818181818181817 18.181818181818183 -0.400215110803 -0.799697471412 0.000184610863445 0.0004373310576253
31.818181818181817 18.181818181818183 -0.600338007814 -0.799691059416 0.0002965308043933 0.0002482890457931
31.818181818181817 18.181818181818183 -7.61016936479e-05 -0.399993170413 0.0003987776325425 0.0001528851702719
31.818181818181817 18.181818181818183 -0.800622655698 -0.399970548673 0.0007180383745221 0.000203115109275
32.01438848920863 17.985611510791365 -0.399972321385 -0.399963393192 0.0001177371456863 3.295410405248325e-05
33.299933199732806 16.7000668002672 -0.0210236458802 -0.134366672087 0.0018214138806591 0.000280287137976
33.333333333333336 16.666666666666668 -0.128687213665 -0.849603774745 0.0001561707321122 0.0013205496732643
33.333333333333336 16.666666666666668 -0.128717085261 -0.8495389662 0.0001699167133455 0.0013773472653418
33.333333333333336 16.666666666666668 -0.849871883914 -0.849608828599 0.0014981164651983 0.0004159470615204
33.333333333333336 16.666666666666668 -0.000123623232039 -0.799593748456 0.0002005377676929 0.0014060620904451
33.333333333333336 16.666666666666668 -6.90351522463e-05 -0.399914817617 0.0004835805225765 0.0001423897757232
33.333333333333336 16.666666666666668 -0.400434275003 -0.399927521059 0.0010310246468117 0.0001501889327061
33.333333333333336 16.666666666666668 -0.849880769496 -0.849634791056 0.0015870060838134 0.0004396020467904
33.333333333333336 16.666666666666668 -0.800616864829 -0.799646010613 0.0010924278290338 0.00026040539834
33.333333333333336 16.666666666666668 -0.600002665895 -0.599904377718 0.0004501605774665 9.7096682145047e-05
33.333333333333336 16.666666666666668 -0.199811656237 -0.0001391620197 0.0034399438194441 0.0014116587287369
33.333333333333336 16.666666666666668 -0.30005110733 -0.300004178668 0.0013681661189492 0.0001661085703668
33.333333333333336 16.666666666666668 -0.499537354331 -0.499457869694 0.0008008719564931 7.944257026238509e-05
33.333333333333336 16.666666666666668 -0.600036651953 -0.5998786758 0.0004123819297435 8.065062963240063e-05
33.333333333333336 16.666666666666668 -5.83816592072e-05 -0.599874721154 6.400172416156201e-05 0.0010338460607282
33.333333333333336 16.666666666666668 -0.299962175531 -0.299939958736 0.0013519242101538 0.0001392190732282
33.333333333333336 16.666666666666668 -0.500013627149 -0.499985127557 0.0004209466102548 7.764537608871968e-05
33.333333333333336 16.666666666666668 -0.599961725541 -1.57754368972e-05 0.0021342182073532 0.000477578592643
33.333333333333336 16.666666666666668 -0.600491829168 -0.400075706301 0.000897390788777 0.0001780906429938
33.333333333333336 16.666666666666668 -0.200133850429 -0.399963764877 0.0008400957823646 8.428693036026716e-05
33.333333333333336 16.666666666666668 -0.59993249696 -2.02921795026e-05 0.0023712705734791 0.0006182075351968
34.413965087281795 15.586034912718205 -0.474095398048 -0.38911090609 0.0012324027827994 0.0001712870154533
34.962406015037594 15.037593984962406 -0.125615840471 -0.363345074365 0.0011206908108452 0.000179760827703
35.1455733808675 14.854426619132502 -0.799785891291 -0.11600264217 0.0020044625204761 0.0005063836744739
35.52403011001737 14.475969889982627 -0.799831582259 -0.733597821054 0.0019863802973024 0.0003975067208398
37.12335822817409 12.876641771825907 -0.44868306762 -0.799533418989 0.0004488481100567 0.0005379325700127
37.496874218554645 12.50312578144536 -0.850025099674 -0.849396984822 0.005400954761684 0.0017763489942734
37.496874218554645 12.50312578144536 -0.268707748195 -0.849465936656 0.0002479493623112 0.0010681977031429
37.496874218554645 12.50312578144536 -0.268723451925 -0.849320915947 0.0001021498766163 0.0014378842403508
37.496874218554645 12.50312578144536 -1.4436674344e-05 -0.000117252225354 0.0055377409751755 0.0013477970192158
37.5 12.5 -0.400039351712 -0.599839274216 0.0004889944830889 0.0003798587490737
37.5 12.5 -0.600035049386 -0.599833696756 0.0008522543966486 0.0001286731353912
37.5 12.5 -0.299988451426 -0.299928774587 0.0026150421652167 0.0002536728772004
37.5 12.5 -0.499535000001 -0.499355000001 0.0009360753703604 0.0001282395246114
37.5 12.5 -0.499970588727 -0.49999228718 0.0012743198988151 0.0001911835685816
37.5 12.5 -0.499543717859 -0.499400143562 0.0009891367357217 0.0001226181380991
37.5 12.5 -0.599952482296 -0.599915398847 0.0012581056758251 0.0001684971348713
37.5 12.5 -0.699849597985 -0.599711622591 0.0018461417629947 0.0002555199219142
37.5 12.5 -2.97878523957e-05 -0.59979908147 6.457182187538736e-05 0.0015365066378128
37.5 12.5 -0.699858447602 -0.599714276313 0.0018322159301058 0.0002505807597467
37.5 12.5 -0.699871915334 -0.599724537552 0.0018243248605022 0.0002497436733383
37.5 12.5 -0.699860591587 -0.599726493348 0.0018571449192031 0.0002595926768409
37.5 12.5 -0.299964616889 -0.299928487243 0.0019489965279034 6.75651090215322e-05
37.5 12.5 -0.39996579895 -0.599851017208 0.001109147944448 0.0002175260748735
37.5 12.5 -7.34941479086e-05 -0.599948108885 0.0002195916969414 0.0009471661436468
37.5 12.5 -0.599953930645 -4.88473555518e-05 0.0027331329895116 0.0002761591264601
37.5 12.5 -0.599958958593 -0.400035500741 0.0011587262598249 8.286598220413205e-05
37.5 12.5 -5.39594128582e-05 -0.300017289972 0.0014335330915769 9.956432666257231e-05
37.5 12.5 -0.600053487394 -6.68161762669e-05 0.0037764996042782 0.0007106866613124
37.5 12.5 -0.300108249055 -6.64164556496e-05 0.0052956591206335 0.0012014419107496
37.5 12.5 -0.599968944129 -0.399980474136 0.0017014618294877 0.000179927821563
38.29588014981273 11.704119850187263 -5.02970994357e-05 -1.09455792359e-05 0.0045706926545819 0.0007425817130135
38.88394842152068 11.116051578479324 -5.86243045187e-05 -2.43295931047e-05 0.004894960764829 0.0007586952928609
39.99799959991999 10.002000400080014 -0.400044698189 -0.7993041596 0.0008440816342702 0.001335456602687
39.99799959991999 10.002000400080014 -0.800149097273 -0.799330716402 0.0067857063126082 0.0018384010449718
39.99799959991999 10.002000400080014 -0.000116624219964 -0.799390370462 0.0003740310411342 0.0033772141737353
40.0 10.0 -4.20197536287e-05 -0.400047364042 0.0007178009909548 0.0007458065699879
40.0 10.0 -0.799993364421 -0.399948502501 0.0039886995158975 0.0006268718001896
40.13222814288534 9.867771857114665 -0.283524531349 -0.799219201717 0.0007350595613767 0.00156967229903
40.35865792518319 9.641342074816814 -0.800181962085 -0.344443428799 0.0031900093061918 0.000450602594613
41.66666666666666 8.333333333333334 -0.89987087073 -4.59671177912e-06 0.0144360380582857 0.007014772702684
41.66666666666666 8.333333333333334 -0.899959478954 -2.85313334399e-06 0.0043393271412523 0.0004146646630086
42.32658072437078 7.673419275629221 -0.800165542008 -0.699340907901 0.006422610534547 0.0012584226313672
42.33363998773383 7.666360012266176 -3.70291220576e-05 -1.52420333188e-05 0.0048762705639155 0.0001711044547259
42.79227331699582 7.20772668300418 -0.0630909225336 -0.758200668638 0.0004688367010591 0.0058319576335706
42.85714285714285 7.142857142857143 -4.34440583246e-06 -9.28140729749e-06 0.0050365763683169 0.0001202340830615
43.30117899249733 6.698821007502679 -0.656582314499 -0.799069295387 0.001923125644462 0.0015261247105996
43.364299933643 6.635700066357001 -0.0522860392989 -0.322541600486 0.000885306647161 0.0019882776991521
43.40891115212233 6.5910888478776695 -0.709621960444 -0.178523588803 0.00109656948264 0.0024753694927814
43.75 6.25 -0.599996997005 -2.89881401595e-06 0.0023502210525982 0.0015696317734487
43.75078115235595 6.249218847644044 -0.39986107182 -1.32088465666e-06 0.0005964071003015 0.0026983146220932
43.75078115235595 6.249218847644044 -0.399866580565 -5.88880036338e-07 0.0006906509534649 0.0025119029088848
44.05540363809297 5.944596361907027 -0.61019369966 -0.73102349434 0.0007239043101725 0.0045691799879353
44.28440786465477 5.715592135345221 -0.20028311741 -0.778847969759 0.0006891716983611 0.0082023862954719
44.4152797944823 5.584720205517704 -0.800141087454 -0.458841196123 0.0022675004848233 0.0016262441871325
44.442591975102815 5.557408024897188 -0.603631990822 -0.752452418043 0.0008464980538427 0.0064110452743886
44.443209602133805 5.556790397866192 -0.900407294693 -2.13658499777e-05 0.0034071827789413 0.0006737901510639
44.86072566553602 5.139274334463974 -1.11252347674e-06 -3.31258564929e-05 0.003659769420476 0.0006542175039486
45.09803921568627 4.901960784313726 -2.2533840531e-06 -1.46366981843e-06 0.0048844097088896 0.0002550827744705
25.0 25.0 0.500006785023 -0.899703034225 0.0002141264585057 0.0449687420917589
25.0 25.0 0.499980906682 -0.89964786202 0.0004693154567851 0.0423949046629533
25.0 25.0 5.55961806257e-05 -0.79973884392 0.0002935076994434 0.2212767827445386
25.0 25.0 0.400002613238 -0.799832698385 0.0002357204208719 0.045181948518123
25.0 25.0 0.399960578741 -0.79985841418 0.0004054034513583 0.0426830959607493
25.0 25.0 0.199908553657 -0.400078127372 0.0006122170530009 0.0118454206507568
25.0 25.0 0.199950180789 -4.80896916813e-05 0.0009347169907746 0.0039161402857425
25.0 25.0 0.199950923174 -5.20207407823e-05 0.0009962634505031 0.0063847542724376
25.0 25.0 0.299950734213 -4.6633364341e-05 0.0008794601130561 0.0096405748896748
25.0 25.0 0.458944178229 -0.319599941895 0.0007420645279184 0.0042432864805731
25.0 25.0 0.599871701123 -0.400060372743 0.0007454482067852 0.0057091593659482
25.39370078740157 24.606299212598422 0.223241389806 -0.783742792673 0.0004078835644677 0.0896288137858246
26.754997675499773 23.245002324500238 0.710161815672 -0.671696221914 0.0003149635993878 0.0019400419215043
27.303676804357693 22.696323195642304 0.390150308681 -0.479875258678 0.0001324498297566 0.0030978149916748
27.447000451059992 22.552999548940008 0.380153489028 -0.519877052065 0.0001542758671544 0.0037333361607307
27.45716862037872 22.54283137962128 0.330838968281 -0.438154943537 0.0001534025336943 0.0038151420495785
27.47747747747748 22.522522522522525 0.330010802199 -0.439871970754 0.0002307515842876 0.0031492321242106
27.487618190004504 22.512381809995496 0.329976580046 -0.43994832522 0.0001872956589499 0.0034847697375833
27.558348294434477 22.441651705565533 0.310072260694 -0.459918925798 0.000199783853932 0.0039662827334686
27.558348294434477 22.441651705565533 0.319971950994 -0.579849149789 0.000241359039854 0.008836716789313
27.77777777777778 22.22222222222222 0.600073302049 -0.799778727755 0.0005966174885357 0.0041438025038437
27.77777777777778 22.22222222222222 0.19983738201 -0.799850550678 0.0001380857805469 0.0620820772132643
27.77777777777778 22.22222222222222 0.380123742053 -0.459944817719 0.0001597849521893 0.0025260857402205
27.77777777777778 22.22222222222222 0.799762677154 -0.399953050886 0.0016050619763736 0.0058471045982179
27.992957746478872 22.007042253521124 0.320013016037 -0.560017849765 0.0001557904710163 0.0073523360604344
28.06055287406757 21.93944712593243 0.292827487717 -0.0740730406375 0.0003885422317361 0.0070592969060213
28.08939526730937 21.910604732690626 0.723734029888 -0.799746224993 0.0015599099908886 0.001000861043382
28.354978354978357 21.645021645021643 0.961208802868 -0.899107859547 0.0063525970496874 0.0004983680444949
29.724249797242493 20.2757502027575 0.0277508017529 -0.100836195709 0.0012352093374401 0.0036213278223648
30.0 20.0 0.399892804657 -0.799642682775 0.0011469819693119 0.0107893361042318
30.0 20.0 0.599866435099 -0.799626130622 0.0037210448446361 0.0015680383352201
30.0 20.0 0.499522999998 -0.499459000001 0.0020931425529099 0.0009858064496665
30.0 20.0 0.80007627199 -0.000106364098602 0.0050131237107948 0.0055731636674839
30.0 20.0 0.799731332477 -0.400042985726 0.0080475373515046 0.0021003793484567
30.14297061159651 19.857029388403497 3.19251523287e-05 -8.56914900576e-05 0.0010744763351886 0.0034838359112332
30.988593155893536 19.011406844106464 0.400006079655 -0.299983545203 1.975979317976256e-05 0.0089805771449417
31.20300751879699 18.79699248120301 0.199296208987 -0.696451973086 0.0004013108762965 0.0212222763536967
31.818181818181817 18.181818181818183 0.000140338338325 -0.799604621306 0.0002150443786317 0.1028561669130633
31.818181818181817 18.181818181818183 0.600135129331 -0.799594401832 0.0093937885150354 0.0011782949328965
31.818181818181817 18.181818181818183 0.200120098955 -0.799596340115 0.0008298136343272 0.0295035529017433
31.818181818181817 18.181818181818183 0.799926319134 -0.399972388827 0.0187283650717196 0.0007350070482587
32.05956225331898 17.94043774668102 0.00090596634782 -0.790457297091 0.0001852347382423 0.0977072914163977
32.74076630997583 17.25923369002416 0.698848833364 -0.79966622506 0.022000690449514 0.0020698317861886
32.92932741550017 17.070672584499828 0.0154184087181 -0.781343997741 0.0003184214416966 0.0832063957690202
33.32777592530844 16.672224074691563 0.37145859092 -0.849439893697 0.0052236746043438 0.0081123367275249
33.333333333333336 16.666666666666668 0.37147155462 -0.849595124588 0.0043287131514093 0.0072074351967492
33.333333333333336 16.666666666666668 0.871258476436 -0.849486399889 0.0633584647753168 0.0150555018251518
33.333333333333336 16.666666666666668 3.40155474133e-05 -0.000105561180295 0.0024989815143239 0.0043317718312544
33.333333333333336 16.666666666666668 0.600070882447 -8.34279936843e-05 0.0031022158832261 0.009260719538429
33.333333333333336 16.666666666666668 1.92859436652e-07 -0.299938887313 0.0010205167077912 0.0131089304605746
33.333333333333336 16.666666666666668 1.06466685453e-05 -0.299995822076 0.0006346537383599 0.0125489607960162
33.333333333333336 16.666666666666668 6.86286135106e-05 -0.599968315015 6.499923265205247e-05 0.0461431652076951
33.333333333333336 16.666666666666668 0.299997007533 -2.30632884488e-05 0.000423076507727 0.0145429533620864
33.333333333333336 16.666666666666668 0.400118024197 -0.400065697153 0.0017292502026334 0.0022661121527722
33.333333333333336 16.666666666666668 0.600021501444 -0.599900674092 0.0145360012185396 0.0006570210804303
33.333333333333336 16.666666666666668 0.299963567495 -0.299938398222 0.0001145056447946 0.0034904835984109
33.333333333333336 16.666666666666668 0.200115318349 -0.400078748867 0.0001024564215218 0.0023604591942726
33.333333333333336 16.666666666666668 1.85749017003e-06 -9.30287910028e-06 0.002200702357994 0.0039842796724125
33.333333333333336 16.666666666666668 0.600024488477 -1.83018551306e-05 0.0040010751760996 0.0080672764779133
33.333333333333336 16.666666666666668 0.600006882204 -7.85539534308e-05 0.003096698762832 0.009220895589007
33.333333333333336 16.666666666666668 4.1408427413e-05 -3.24828040266e-06 0.0027264291677215 0.0044264139361445
33.333333333333336 16.666666666666668 0.600015470105 -0.400153009266 0.0089725408111296 0.0017058278605789
33.54180381830151 16.458196181698487 0.430140353244 -0.510018097152 0.0035684536256389 0.0009683387030481
34.92159227985525 15.078407720144751 6.22617712351e-05 -4.15578818604e-05 0.002997008120281 0.0045367276378703
35.08353221957041 14.916467780429596 0.800164113854 -0.784292410454 0.0701194904404032 0.0153804855236368
35.27679623085984 14.723203769140165 0.239308345705 -0.000472719594595 0.0011714530881214 0.0161564475927346
37.446648255084106 12.553351744915892 0.469939519226 -0.359902056062 0.0071043457271731 0.0047708810061045
37.496874218554645 12.50312578144536 0.231380430006 -0.849251403379 0.0032359381393043 0.007807862256029
37.496874218554645 12.50312578144536 0.23135178926 -0.849381937063 0.0046646571260781 0.007888149115039
37.5 12.5 0.400118332157 -0.599804507799 0.0070559415054143 0.0012479012865724
37.5 12.5 0.400035094305 -0.59981035359 0.0085240492984997 0.0008549570107516
37.5 12.5 0.600009437459 -0.599806193362 0.0361442894476657 0.0017041607088956
37.5 12.5 0.600059311023 -0.599733017627 0.0322345373763629 0.0010196837446787
37.5 12.5 0.299966146612 -0.29992653913 0.0005889950232393 0.0067803801846637
37.5 12.5 2.42207546884e-06 -1.56017535415e-07 0.0042609646883042 0.0055192225613039
37.5 12.5 0.599935835445 -0.399967070945 0.0257241096526663 0.0009453644705513
37.5 12.5 0.599913446783 -5.39756965129e-06 0.0082518553151837 0.0081766948067156
37.5 12.5 0.299954647847 -2.56079073006e-05 0.0008717177785532 0.0246582603665703
37.5 12.5 0.60004388238 -0.399866174103 0.0239881774021469 0.0008500244482769
37.78402150012216 12.21597849987784 0.352668790712 -0.400683131515 0.002381096118294 0.0052578443336287
37.99807969275084 12.00192030724916 0.560657701892 -0.194085035526 0.0110628863325208 0.0052913694643122
38.44464987289115 11.555350127108852 0.522629038036 -0.448249975218 0.0172889272174941 0.0019001999293999
38.80179171332587 11.198208286674133 0.299817896511 -0.171724324637 0.0001510429688118 0.0176120928049764
39.22645981469511 10.773540185304892 0.800138385597 -0.426549528334 0.1225281881422813 0.0334220172632392
39.4135083633284 10.586491636671608 0.427207286842 -0.0335325197842 0.0004184642830345 0.0272588613489212
39.99799959991999 10.002000400080014 0.400044108074 -0.799375777034 0.0187839244941797 0.0003935291278787
40.0 10.0 5.76650456278e-05 -8.54444481812e-05 0.0068541476061811 0.0074171937418559
40.0 10.0 0.400065580042 -6.57915117762e-05 0.0002060191464401 0.0345385555387569
40.0 10.0 1.19525990708e-05 -1.50504134191e-05 0.0052791197659266 0.0067310365766355
40.11075949367089 9.889240506329116 0.313424005219 -0.799411218475 0.0096420090251672 0.0007440325807281
41.72048352376221 8.279516476237788 8.79811179842e-06 -1.20437265333e-05 0.0050252496464655 0.0078116610948514
42.5160904056279 7.4839095943721 0.407924431624 -0.7371860791 0.0259634124175746 0.0024732678868603
43.129980763946136 6.870019236053861 0.00949044599538 -0.798977072587 0.0008783496874896 0.0206579104658877
43.31729484095162 6.682705159048383 0.720401043827 -0.31923254095 0.1194527136639882 0.0143356337486069
43.403693931398415 6.596306068601583 2.50980216757e-05 -5.07105242186e-05 0.0044260893716272 0.0095656611539452
43.75 6.25 0.600008862767 -1.70983203915e-05 0.0067317480487842 0.038209955193861
43.75 6.25 3.78251440966e-06 -2.03421080588e-07 0.005610255081378 0.0108658190969415
43.75078115235595 6.249218847644044 0.399866999659 -6.8648400485e-07 0.0001844253342524 0.0636197161513604
43.89275680957616 6.107243190423842 1.55253061236e-06 -2.44547691377e-05 0.0040039416327054 0.0105186181870883
44.29288893961877 5.707111060381235 1.31920507257e-05 -4.00789427319e-05 0.0041289927704848 0.0119749616921804
44.443209602133805 5.556790397866192 0.284438831601 -0.751480097734 0.0107398466472866 0.0141307450799372
44.4438270918991 5.556172908100901 0.595577791993 -0.477961834173 0.0713298138755744 0.0045959347306652
44.4438270918991 5.556172908100901 0.0778726348925 -0.775914197893 0.0006890787908152 0.0045941359693663
44.60451062911406 5.395489370885939 1.01733497846e-06 -8.82377218943e-08 0.0039560884932809 0.0131540790879937
45.08212845480476 4.91787154519524 1.18264398763e-05 -6.78784793694e-06 0.0042064185961684 0.0159546602486019
45.31088811779049 4.6891118822095095 1.67300203258e-06 -2.73073909536e-05 0.0075892342151502 0.020494677918953
45.45040946314832 4.549590536851683 1.2811356145e-05 -1.43388986515e-05 0.004070144472546 0.0190141170732237
