1.0 -0.16624534258844248 0.500006785023 -0.899703034225 0.00021412645850605317 0.0005585799455092236
1.0 0.16629844069827432 -0.49997637681 0.899800287425 0.00014612316126471614 0.0012646779412526573
1.0 -0.16623315841492037 0.499980906682 -0.89964786202 0.00046931545678512377 0.0003054770752708697
1.0 0.1662759332030974 -0.499971005341 0.899740802191 0.00031865904284952775 0.0009055513871301
1.0 -0.3326116163163769 5.55961806257e-05 -0.79973884392 0.0002935076994434607 0.00021325904496704483
1.0 0.33260114286540116 -0.000101040812844 0.799759107702 0.00045359388906994366 0.000785523658389477
1.0 -0.16630100886645133 0.400002613238 -0.799832698385 0.00023572042087192607 0.0004892558096563617
1.0 -0.5257898410795575 -0.470684177846 -0.793448844324 0.00034910047561300344 0.0001486887613912107
1.0 0.49908125000623893 0.400011354106 0.799907395909 0.00038578259218281845 0.0010186933940280983
1.0 0.16633619217220352 -0.400001421475 0.799916096272 0.00020206401415202258 0.0010645339821931865
1.0 0.499100803492354 0.400041208769 0.799924552819 0.0006935807831479016 0.0007526928801724494
1.0 -0.1663291881914425 0.399960578741 -0.79985841418 0.0004054034513585316 0.00032438291798196053
1.0 -0.49905811329377875 -0.40000233413 -0.799860789321 0.0002508522499378576 0.00018669251009581183
1.0 0.16634701635663718 -0.39995737464 0.79989807354 0.0004989266520663409 0.0006459912908380245
1.0 -0.49903331942370793 -0.399974420371 -0.799829092286 0.00024677675615564215 0.0001540557952413989
1.0 0.35861197157887614 0.135561751554 0.726632988625 0.0004421886366562214 0.0006843428215585196
1.0 0.11509995699830972 -0.419839603751 0.696569287598 0.0006339660871171334 0.0004780802708610724
1.0 0.6342562750734778 0.731186669536 0.793727353513 0.0021425960341291 0.0008917536772028725
1.0 -0.2496496491817965 -0.200198064124 -0.400023432845 0.0003841260484810555 0.00019536901582813717
1.0 -0.16642944588985784 -7.69375917008e-05 -0.400061942952 0.0007693527369699082 0.00018874722808514042
1.0 0.16634842646948278 -2.82725436903e-05 0.399972361715 0.0005802719770056746 0.00051355746277566
1.0 -4.446578246020815e-05 0.799781535736 -0.79988844283 0.0005566367354022569 0.0004938769479201552
1.0 1.481822238952766e-06 0.499495909662 -0.499492346983 0.0007052742363611822 0.0003239046609186773
1.0 -0.08325637136818584 0.199908553657 -0.400078127372 0.0006122170530010871 0.00030521761162368636
1.0 0.08305296731200885 -0.200240438521 0.399920976952 0.0008863774209007168 0.0002941955294692754
1.0 0.830195307197469 0.998000728154 0.998000755108 0.004628674820002253 0.0030327975857061713
1.0 -1.3612308451324576e-05 -0.500000743441 0.499968015976 0.0005290664585677369 0.0004294273324770675
1.0 -0.7483136660002743 -0.899568306491 -0.899568805382 0.0002984297354187953 8.658281008803289e-05
1.0 1.816741327420896e-06 -0.499501865182 0.499506233092 7.791029916893919e-05 2.6691158915861626e-05
1.0 0.49910764753835407 0.599991103591 0.599991112831 0.0003953380076370606 0.000929786238709898
1.0 -4.4133571960011504e-05 -5.32285340701e-05 -5.28798410678e-05 0.000882648231623483 0.00025434252183124966
1.0 0.6653145398489646 0.799792895488 0.799793125851 0.002386182026118721 0.001022456651265735
1.0 -0.6652742318574514 -0.799744603788 -0.799744506848 0.0004113930820939934 0.00011999240331468949
1.0 -0.6653725656342832 -0.799862764462 -0.79986276568 0.0003058661000545333 5.557282541623917e-05
1.0 0.49913199802872565 0.600020363324 0.600020397894 0.0009236417225159412 0.0006000008938822946
1.0 1.0111739241739823e-07 1.20921763909e-07 1.22190264669e-07 0.0009478912163739622 0.0001724080359047724
1.0 1.0113333485815931e-07 1.20945405263e-07 1.22204953013e-07 0.0008462441412812444 0.0002224301794785221
1.0 1.0127082416196459e-07 1.21129378948e-07 1.22351538718e-07 0.0009620887760678314 0.00031005424536485293
1.0 1.0111602797370795e-07 1.20916716917e-07 1.2219203119e-07 0.0011273928172232197 0.00017920768492652272
1.0 1.0117359430075222e-07 1.2097214812e-07 1.22275004135e-07 0.0009303338865290582 0.0001719802138669394
1.0 1.011021470456991e-07 1.2089943421e-07 1.22175940602e-07 0.0008889222107324275 0.0001889343099408814
1.0 1.0111844568157522e-07 1.20918013158e-07 1.22196547736e-07 0.0010061296464197603 0.00014192230582729334
1.0 1.0096036897692036e-07 1.20706276316e-07 1.2202822782e-07 0.0011907699722796716 0.00011212945286053421
1.0 7.975388746390531e-08 9.65992042856e-08 9.51495038723e-08 0.0011188816065655395 0.0004184655793679401
1.0 -0.8062727167425752 -0.969242733008 -0.969242734905 0.000493031419054554 0.0002522318846242126
1.0 -0.3639400621356372 -0.437502219052 -0.437502611189 0.00013453503187524615 0.00029376882071436796
1.0 7.818971975499027e-08 9.48400673307e-08 9.3147982293e-08 0.00016744358362956856 0.0001986112701316347
1.0 0.16640077547654866 0.20003497356 0.20003497599 0.0003303495047086 0.0008044766161887263
1.0 -0.3639946194686106 -0.437567999996 -0.437568000003 0.00046031720464740397 0.0003314382142918346
1.0 0.36314778760853983 0.436549999997 0.436549999998 0.0005022050997828307 0.000569919854136146
1.0 -9.450103085907964e-08 -1.13493976198e-07 -1.1371062991e-07 0.00041985322724358287 0.0005879585533350694
1.0 -2.4239486690136282e-09 -3.67050658542e-09 -2.1572848954e-09 0.0006269890052903644 0.00035086788230883313
1.0 0.7069346285953717 0.849825672617 0.849825668474 0.0015917617020076154 0.0007092129379155893
1.0 0.7484540410304601 0.899737307658 0.899737301628 0.002097479051276604 0.0009807007817827869
1.0 -0.3640094444644071 -0.437585851205 -0.437585791869 0.00014788426003737112 0.00025785733605341443
1.0 2.2033742465401772e-05 2.65408380851e-05 2.64339044381e-05 0.0007415132006850195 0.00028147506691278884
1.0 0.36400226679036285 0.437577200796 0.437577185317 0.00017908053466108076 0.0010049568668140533
1.0 2.177040248530177e-05 2.62106336146e-05 2.61309723607e-05 0.0007486865058920517 0.0002782630782091134
1.0 0.41596869657379654 0.500047452012 0.500047499325 0.00017922607514395483 0.0011532921862774592
1.0 0.8064900530973451 0.969503999999 0.969504000001 0.003671219661213552 0.0021874138916910275
1.0 -0.16635518460767257 -0.199980174996 -0.199980162465 0.00030350646113261266 0.0003925222853483956
1.0 -0.499091594706239 -0.599971830692 -0.599971790623 0.0002347384775534896 0.00014895024256902833
1.0 0.665358818452053 0.799846238327 0.799846240079 0.002582509805779022 0.0011182696094698644
1.0 0.7899213607468585 0.949586305767 0.949586327518 0.0029086771246226717 0.0015798582844594269
1.0 2.1740082317797346e-05 2.59902617848e-05 2.62784467665e-05 0.0007038276470177966 0.00031014480148977894
1.0 0.8270724445334248 0.994246477574 0.994246846517 0.004442754960259751 0.002868135617217693
1.0 -0.665287005578177 -0.799759895663 -0.799759926259 0.0002828203350843997 5.3395231858358914e-05
1.0 0.7982139956077257 0.959555089678 0.959555155081 0.003404606649222578 0.0019578761063381318
1.0 0.665381569443416 0.799873613923 0.799873563675 0.0010624855591775146 0.0006202369642809896
1.0 0.08314511753605291 0.199950180789 -4.80896916813e-05 0.0009347169907741812 0.0006053557148536586
1.0 -0.6653896258802036 -0.799883141338 -0.799883405991 0.00031095844754803055 5.4757169293659296e-05
1.0 -0.36399681522750443 -0.437570604757 -0.437570674407 0.0007186185838425242 0.0004255641526473583
1.0 -0.4990792091119292 -0.599956872698 -0.599956970486 0.00024361303111115098 0.00018388613068750468
1.0 0.6653833988576903 0.799875676879 0.799875899098 0.0012153936021250384 0.0006233444526693191
1.0 0.665415301043531 0.799914264418 0.799914012559 0.0024392357792094492 0.0010493060264790352
1.0 0.08314379127753302 0.199950923174 -5.20207407823e-05 0.0009962634505031019 0.000251097239567991
1.0 -0.36397089395637167 -0.43753905849 -0.43753989932 0.00014190635263234126 0.00026998008632193003
1.0 -0.665643013058407 -0.800507256936 -0.799868497864 0.00040151996541501256 0.00012024618654381195
1.0 -0.14381164178328318 -0.244009450608 -0.101750454105 0.0006127773162006163 0.00023698063739649455
1.0 -0.12480358844242964 -0.300027884029 -3.18073325862e-05 0.0006205562602920846 0.00019962780364157334
1.0 -0.08322856813270824 -0.200049571205 -5.31564332134e-05 0.0014351417069213758 0.0014937217874584012
1.0 0.1247388738043095 0.299950734213 -4.6633364341e-05 0.0008794601130561013 0.000307491418556082
1.0 0.05795733723626549 0.458944178229 -0.319599941895 0.0007420645279184597 0.0003578518694265993
1.0 5.6853221415799924e-06 -0.599969375919 0.599983044885 0.00031844493762602546 0.0006663755987537206
1.0 0.561538567358938 0.68240516816 0.66767691932 0.0012553346314661564 0.0006649360235677609
1.0 -0.00031035663685844534 -0.800529034589 0.799782857994 0.0005550166005854646 0.0005097861013983684
1.0 4.708206407967879e-05 -0.899630844556 0.899744041859 0.0005351131409807904 0.0005988429295132652
1.0 2.2356389345152158e-05 -0.79984246617 0.799896216638 0.00024694241282648176 0.00083805263499378
1.0 3.359079352212142e-05 -0.59991105657 0.599991817414 0.0006189306372100316 0.0003813830012559015
1.0 6.69951946106156e-05 -0.799757681307 0.79991875486 0.0003754782772018139 0.0006456674690663399
1.0 0.00010280458736280107 -0.799706344643 0.799953513119 0.0005687689813682454 0.0004778478218312713
1.0 4.2549753424785575e-05 -0.899685955589 0.89978825606 0.00020430510802579608 0.00098840051562344
1.0 0.3305336920669911 0.506666394986 0.288020992324 0.0006232662351682288 0.0005368634541856963
1.0 0.08310736667132745 0.599871701123 -0.400060372743 0.0007454482067852086 0.00038858710767101937
1.0 0.4158233589483717 0.599857590977 0.399887931601 0.0004983265714246824 0.0006818095664790085
1.0 -0.41610026788216814 -0.600419715134 -0.399991567221 0.00033877724219616293 0.00014955424677296536
1.0 -0.08339342384400882 -0.60044573861 0.399946655751 0.0005358739835539807 0.00034901003472011195
1.0 -0.24953738559035588 -0.5999577114 6.12476786775e-06 0.00019331954906786497 0.00035079009689017695
1.0 -0.24954849465819878 -0.599968038285 -1.02573825843e-05 0.00031270254424619747 0.00019913859263684527
1.0 0.24955047191655008 0.599980017325 3.03217649277e-06 0.00019797609611623885 0.0010018998218263402
1.0 -0.3639297817000266 -0.62496553542 -0.250014578029 0.00023515596319267402 0.00015804513199336786
1.0 0.24954566267533784 0.599964597756 6.88910172714e-06 0.0004816797874283149 0.0005920271312168638
1.0 -0.3639108907849734 -0.624943094889 -0.249991599977 0.0001555235706317808 0.00023536161376277635
1.0 -0.24971408282163376 -0.600395197698 1.8785807689e-05 0.00039632516224039153 0.0001894557304719938
1.0 0.374319217125646 0.649960086792 0.249998882042 0.00016680267864948982 0.0010912663377496718
1.0 0.37432535363697345 0.649960888856 0.250012833718 0.00042806785265294295 0.0006733147388544003
1.0 0.5460378242855309 0.779143104361 0.533671239134 0.001046046939514426 0.0006713093581099628
1.0 0.34965742515398934 0.75268508647 0.0879806378364 0.0004065318286491861 0.0007264215297996873
1.0 -0.12475939955232407 -0.299953615163 1.65175497463e-07 0.0009274898915883834 0.0003346374777790117
1.0 -0.17122897792973452 -0.754550131217 0.342871950237 0.0006450610932434335 0.00022867357625613028
1.0 -0.4027416022087699 -0.768582826408 -0.199710812945 0.0002672905037018165 0.00021821974415558328
1.0 0.582233905691646 0.899797939478 0.50004102527 0.0011658355266305777 0.0007007670148126845
1.0 -0.5821589828589646 -0.89969091504 -0.499967916089 0.00032476455074230756 9.096364881200502e-05
1.0 -0.374189795569026 -0.899655944881 8.13851291628e-06 0.00020935825220368378 0.00020709178532362654
1.0 -0.5821896833891503 -0.899729295006 -0.500003348036 0.00031193109975465304 9.285058344413065e-05
1.0 0.3742297456478172 0.89973612622 7.73033751787e-06 0.00032745399077199435 0.0009462061018826936
1.0 -0.37421405134696634 -0.899697323271 -8.80018021692e-06 0.00016477063234217993 0.0002805244467109782
1.0 0.5822267441169734 0.899805253084 0.50001649341 0.000631923937139529 0.00085228098267342
1.0 0.3742511797759476 0.89979327394 2.11573408668e-06 0.00013247164178117513 0.0014385156128032788
1.0 -0.20775741056535774 -0.499501999999 1.40554629323e-07 0.000715321513645466 9.076864971717109e-05
1.0 0.20776000758106142 0.499507999998 1.03335190226e-07 0.0013408015792423628 0.00013696517444935528
1.01 0.311298286639676 0.249968490735 0.499963472467 0.0005151537872264092 0.0005336737994208613
1.032 -0.22521157899617922 0.223241389806 -0.783742792673 0.0004078835644677698 0.00028116135029995293
1.035 -0.09782130355942854 -0.228140654772 -0.0023649462548 0.0008957378989690406 0.00026426160310921416
1.08 0.2723686785383548 -0.000137820591851 0.686524741271 0.0012804942434576183 0.0002040856639126062
1.109 0.1091992323017599 -0.136747559106 0.434629127864 0.0014552440947919437 0.00011931384298838307
1.129 0.2838079064837199 -0.00557946036246 0.74181966415 0.001613854018250386 0.00010720749705249917
1.147 -0.05090503254000242 -0.10523681485 -0.00913355549311 0.0007779520737285418 0.00022794985990593665
1.151 0.06451805306880526 0.710161815672 -0.671696221914 0.00031496359938797206 0.00319894953436717
1.158 0.37308010796466823 0.799736754383 0.0284620366004 0.00044683163395537286 0.002981176647564776
1.175 -0.10180600157837262 -0.827690099067 0.734106450265 0.0026029029536391757 0.0004799631505216851
1.186 0.33491284964360657 0.419942417905 0.380019411669 0.0006808554538177568 0.00045091913322165754
1.198 -0.2701926685501418 -0.207346713189 -0.469549068806 0.0002528138050218725 0.00028435368511030924
1.202 8.358804520629356e-06 -5.04190424195e-05 8.54380825816e-05 0.0006095770303463153 0.0003744674239212754
1.203 0.00270187704030483 0.390150308681 -0.479875258678 0.00013244982975660314 0.0018244025075221017
1.217 -0.014180146448693799 0.380153489028 -0.519877052065 0.00015427586715441283 0.0014964150420329768
1.218 -0.006932050359539877 0.330838968281 -0.438154943537 0.00015340253369451801 0.0014519456740297405
1.22 -0.007637828221865348 0.330010802199 -0.439871970754 0.0002307515842876968 0.001168958895933297
1.221 0.00010355041930173664 0.000145609380623 9.70591619125e-05 0.001201456639525471 0.0002116271411187138
1.221 -0.007526416986964275 0.329976580046 -0.43994832522 0.00018729565894977395 0.0012690303281591082
1.228 -0.023059417651384605 0.310072260694 -0.459918925798 0.0001997838539319273 0.0011577875663701263
1.228 -0.06227819897289881 0.319971950994 -0.579849149789 0.00024135903985403136 0.0013075528178560438
1.246 0.46929602189059694 0.411928577093 0.759272586604 0.0019625379560360904 0.0002917844544777064
1.25 -0.005501037916706544 0.600073302049 -0.799778727755 0.000596617488536256 0.003991748828485171
1.25 0.2891983110558109 0.000151919629602 0.799992469376 0.0037363371851284097 0.0004400621492417428
1.25 -0.572698860189509 -0.600343576112 -0.799705774072 0.00032679896247622616 0.00014932175630743335
1.25 0.19461054741611464 -0.200029263751 0.799999064759 0.004486587410030108 0.0006662564042763841
1.25 0.1000258978450243 -0.400165224501 0.799955150829 0.004556728083711785 0.0007632147206446639
1.25 0.4782062413489113 0.400139285381 0.80000583972 0.0024977130580912162 0.00044326863273727124
1.25 0.005437592324696244 -0.600308998951 0.799911337065 0.005191550758136649 0.0011751432479405832
1.25 -0.19464754118317207 0.19983738201 -0.799850550678 0.00013808578054693782 0.0011949411564627838
1.25 -0.3837274474045108 -0.200311794727 -0.799851515689 0.00024581516977659125 0.00042676011953969616
1.25 -0.2891421317908825 -0.000149024791456 -0.799840810175 0.0001476373975722653 0.0007591280573664819
1.25 0.013387711937591274 0.380123742053 -0.459944817719 0.0001597849521893284 0.0025925813450663996
1.25 0.14461019596112606 0.00010506770919 0.399988726055 0.002381248353230999 0.00013872967788556038
1.25 -0.144611324930712 -2.50830978559e-05 -0.400096424635 0.00029749071449377304 0.0004882262004817907
1.25 -7.370490859990373e-05 -0.00013651341692 -2.54535974111e-05 0.0015782667659602376 0.0003306758087082949
1.25 -0.5227307991851342 -0.800380232098 -0.399912485223 0.0003547145077536901 8.558377162167718e-05
1.25 -0.00017341069539842687 -0.000192360521025 -0.000228315852947 0.0017211887760815174 0.000583103909569557
1.25 -0.23364301232426193 -0.800402621097 0.400002069057 0.0020127581326775147 0.0004556753320963832
1.25 0.233358340037164 0.799762677154 -0.399953050886 0.0016050619763736203 0.00680215607932918
1.25 0.5224682576287891 0.799747589575 0.400013191404 0.0007652439970148376 0.0023979292314875392
1.255 -0.1942330678881368 -0.799743761785 0.511790929031 0.002318684202471953 0.00046926606465691
1.272 -0.04743630741902903 0.320013016037 -0.560017849765 0.00015579047101633786 0.0016019179962371158
1.279 0.11372035930763161 0.292827487717 -0.0740730406375 0.0003885422317361275 0.0007789053980104087
1.282 0.062419374250814584 0.723734029888 -0.799746224993 0.0015599099908886608 0.006725122745793582
1.283 0.28874544420021264 0.00967397539295 0.799765563861 0.004427011069444732 0.0006715640539047134
1.31 0.15075006349053413 0.961208802868 -0.899107859547 0.00635259704968731 0.015425934090834335
1.326 0.14638230770448662 -0.0949460823579 0.55447978185 0.003819503239631903 0.0004517690208424297
1.33 -0.6559348840259709 -0.775210026528 -0.799590852351 0.0003717888788921326 0.00011263587349983204
1.386 -0.020313674577926252 -0.58129509439 0.799911831499 0.007843701992929367 0.0026094765011546845
1.399 -0.282606522812519 -0.710930082225 0.22042719202 0.0021473850678037348 0.0005918891040101853
1.41 0.38503374700865267 0.500003562202 0.399998684378 2.7888391329424138e-05 0.0013774430111333877
1.45 0.6137908669136177 0.697763404354 0.787668362791 0.0025482566250612675 0.0008860369199560549
1.466 -0.018468220303775727 0.0277508017529 -0.100836195709 0.0012352093374401493 0.00022749482537286482
1.5 0.796377092655029 0.949893478455 0.949303274786 0.004105131603949267 0.002524614419138413
1.5 -0.35924303942674973 -0.200141045564 -0.79961715359 0.0001655161098539182 0.0006264295257488368
1.5 -0.2553267999637499 -2.40141393725e-05 -0.799626364917 0.00023937664885394523 0.0015730520847979602
1.5 -0.047658391303090616 0.399892804657 -0.799642682775 0.0011469819693119578 0.0054471823080602
1.5 0.2552580080113869 -0.000163735472698 0.799716266708 0.009139482924275124 0.0029237121959327615
1.5 0.05619160724573058 0.599866435099 -0.799626130622 0.0037210448446361177 0.011000791229084676
1.5 0.15132307189702018 -0.200319096228 0.799729259729 0.01048477246065839 0.003682901698751608
1.5 -0.09992000318616 -0.499517 0.499464999999 0.0063778237678525414 0.0021043856614479926
1.5 0.0999250346889076 0.499522999998 -0.499459000001 0.0020931425529096513 0.008038679093444061
1.5 0.5668091867437841 0.599684099132 0.799888446923 0.003670923018138811 0.0012130339801593453
1.5 0.415439274545979 0.80007627199 -0.000106364098602 0.005013123710794816 0.011364605241639758
1.5 1.521134936561416e-07 1.47347113534e-07 2.36765414661e-07 0.0014627709927528597 9.448962683323649e-05
1.5 9.449549150606011e-08 8.64427645114e-08 1.55363889098e-07 0.001452776560299461 8.63068968527899e-05
1.5 4.7801079302782506e-05 3.19013830056e-05 9.78256321077e-05 0.0013059729657870724 0.00013604013665743234
1.5 -0.5433529692123791 -0.800477735367 -0.399857317341 0.00042584691345280435 0.00013760063183028624
1.5 0.4192865836905806 0.499985954748 0.500005768637 3.267003566121428e-05 0.0015010127080408017
1.5 0.12772190393907806 -7.89224863575e-05 0.400144299241 0.004190715335115271 0.0005616866912918467
1.5 0.28756357225448037 0.799731332477 -0.400042985726 0.008047537351504297 0.017302023978392773
1.501 -0.2594840614588968 -0.499523999999 1.33703095489e-07 0.0013708764565000052 0.00021884042297263767
1.501 -0.259481957053231 -0.499520000002 2.1691434624e-07 0.0015633883621418675 0.00029364446077569437
1.501 0.25948417914219246 0.499524000001 2.35041657142e-07 0.0001286474065943165 0.002355764131927583
1.501 -0.25947933413000446 -0.499515 2.97155851127e-07 0.0009317283040550693 0.00010938796301094257
1.501 0.25947847241292443 0.499512906015 4.11085265413e-07 0.0001298006190292144 0.0024979206311056073
1.518 -1.045630635367115e-05 3.19251523287e-05 -8.56914900576e-05 0.0010744763351888094 0.0001803607676825052
1.519 -0.6305182516712078 -0.728628690705 -0.789301138518 0.00048364777939070337 0.00018984540820301125
1.524 0.23795117372596122 0.0101729142906 0.736746439061 0.009440164717357518 0.0030541375459975416
1.548 -0.5184848326136636 -0.799842483725 -0.309608332274 0.0006012075721430776 0.00018279143704493
1.55 -0.5433750850026878 -0.556963537106 -0.799605839673 0.0002594495638126085 0.00015807706846786203
1.593 0.053473090161781235 -0.327588339957 0.747191606962 0.6808924629308812 0.6833279627910556
1.63 0.12592387162264584 0.400006079655 -0.299983545203 1.9759793179762558e-05 0.0008696190578889831
1.66 -0.09822807985424456 0.199296208987 -0.696451973086 0.000401310876296551 0.003427732973643155
1.708 -0.21175339341249338 -0.787563932112 0.767468791042 0.00900257694179654 0.004494385965254213
1.75 0.5638163627534117 0.60019045799 0.799745803546 0.005125414639455418 0.002049277688445723
1.75 -0.22846362145645138 0.000140338338325 -0.799604621306 0.00021504437863177487 0.002007798964343199
1.75 0.10666401377469398 0.600135129331 -0.799594401832 0.009393788515035249 0.020388903058949998
1.75 -0.1167633512360188 0.200120098955 -0.799596340115 0.0008298136343272795 0.004603500780332856
1.75 0.4520782640610552 0.400069974645 0.799880170968 0.008644671799824703 0.003501129351917062
1.75 -0.10673056127546172 -0.60033405856 0.799750317529 0.013418075989330968 0.0065941558131639875
1.75 -0.45210711032550327 -0.400215110803 -0.799697471412 0.00018461086344520816 0.00034559881006769334
1.75 0.34032134833333916 0.19995045192 0.799946825601 0.012250862104039709 0.005118758069615382
1.75 -0.5638831292235241 -0.600338007814 -0.799691059416 0.0002965308043933322 0.00012577482196025083
1.75 0.11439545226602184 0.000201870033387 0.399843228605 0.006783679189236986 0.0015747458472741476
1.75 0.11677856650892088 -0.200272386321 0.799947173544 0.017003107020978334 0.0077032379687472065
1.75 0.2285458154716538 -0.000170754961429 0.799951635257 0.015088656016168132 0.006528469243223092
1.75 -0.3327622339136893 -0.800442597331 0.399980064359 0.004124938613593945 0.0018241041032877017
1.75 -0.11436806104061967 -7.61016936479e-05 -0.399993170413 0.00039877763254240507 0.0005818670537558174
1.75 -0.5615037026095012 -0.800622655698 -0.399970548673 0.0007180383745221998 0.0003125168321333858
1.75 0.3324760625824941 0.799926319134 -0.399972388827 0.018728365071719513 0.031355503781496756
1.75 0.5609866144095086 0.799632484984 0.400096389713 0.0028631957511688847 0.005964402094082479
1.776 0.10032535768806311 0.0332284492026 0.288764149284 0.004647898850220014 0.0007015193555902719
1.78 -0.3380120712965579 -0.399972321385 -0.399963393192 0.00011773714568653246 0.00017429565756997336
1.787 -0.2219568815079683 0.00090596634782 -0.790457297091 0.00018523473824232057 0.0019534550882501093
1.83 -0.17427419270594569 -0.499967317873 0.40000742801 0.00019888792624929435 9.17858087919658e-05
1.832 -5.059493083627985e-05 -0.000150020652343 0.000126418627088 0.00220113475557752 9.777297947229171e-05
1.851 0.6414876272606606 0.79988131933 0.669003141585 0.0009593028657402274 0.0009838464511742692
1.897 0.18924761568940845 0.698848833364 -0.79966622506 0.02200069044951405 0.03742953099854722
1.929 -0.19869277396914467 0.0154184087181 -0.781343997741 0.00031842144169641403 0.002756943789188153
1.949 0.148423941096555 0.00852399236697 0.543855385016 0.011694261618126105 0.00417031973074851
1.973 0.5037407441297147 0.799807974071 0.12627468861 0.01178986291665223 0.019077967597815937
1.981 0.16541928557636942 0.245785322589 0.0787364543979 0.001360882139576122 0.00014757689152620715
1.994 -0.047256500034354096 -0.0210236458802 -0.134366672087 0.0018214138806591721 0.00011650186369480298
1.999 5.954429954604934e-05 -0.371315271613 0.849659288808 0.019616254377347635 0.009801899193826522
1.999 8.203204465968839e-05 0.37145859092 -0.849439893697 0.005223674604343882 0.013752875609234173
2.0 -0.00010145255686527105 -0.37139537059 0.849721809296 0.020509240876684882 0.010421541615443737
2.0 0.29589471482850155 0.128673834147 0.849670254084 0.018286403897675312 0.008967277695814707
2.0 0.0001793098471936927 0.37147155462 -0.849595124588 0.004328713151409148 0.01226337568196775
2.0 0.29585824055215837 0.128627664472 0.849634892127 0.020222894376188214 0.010385228639969124
2.0 0.20689388501703215 0.000215974893051 0.799547772535 0.021841489041145697 0.010968562044898296
2.0 -0.29588544285571783 -0.128687213665 -0.849603774745 0.0001561707321122885 0.0017430110461090851
2.0 -0.2958863652288318 -0.128717085261 -0.8495389662 0.00016991671334558393 0.0018076565722565795
2.0 0.29604983249131267 0.871258476436 -0.849486399889 0.06335846477531669 0.08587996687883839
2.0 0.22184204517083977 0.199988949495 0.400076092558 0.005884843283420645 0.0011730175382422487
2.0 0.680451512995349 0.800085834633 0.799876487708 0.0025872017478785936 0.0011964510944049895
2.0 -7.163452187589381e-06 3.40155474133e-05 -0.000105561180295 0.002498981514324139 0.00011764286909648946
2.0 0.3551826250449902 0.600070882447 -8.34279936843e-05 0.003102215883226648 0.008763816008383725
2.0 -0.2960089346456312 -0.871278761122 0.849690979699 0.009256936967562003 0.004938146923500471
2.0 -0.7227826903026204 -0.849871883914 -0.849608828599 0.001498116465198552 0.0009548893767262486
2.0 -0.20685110819037902 -0.000123623232039 -0.799593748456 0.00020053776769292578 0.002188784562216695
2.0 0.10339682350216041 -8.5587540528e-05 0.400023168065 0.009559764551787576 0.0028984215044638387
2.0 -0.1034603305751458 -6.90351522463e-05 -0.399914817617 0.0004835805225765106 0.0005718327358030875
2.0 -0.34045464266501774 -0.400434275003 -0.399927521059 0.001031024646811736 0.00016808980880716863
2.0 0.7228086192128692 0.849845342039 0.84976984727 0.0011520692663862047 0.000586654316747724
2.0 -0.29597925415316223 -0.871221610864 0.849674936374 0.010415062793747626 0.005743318457616775
2.0 -0.01509861757114159 -0.200242586132 0.399964801451 0.010530030883657452 0.003733365376104795
2.0 -0.7227946639963816 -0.849880769496 -0.849634791056 0.001587006083813008 0.00103038225620567
2.0 -0.6807062472156116 -0.800616864829 -0.799646010613 0.0010924278290335716 0.0006416870250622149
2.0 -0.26703899410799803 -0.800515276369 0.799739693408 0.012270546550828263 0.006851186233254557
2.0 0.2000818197721121 0.60007319103 -0.599851141794 0.01278378129079513 0.02497575472168306
2.0 0.1551978613444774 0.000145817738971 0.599803964671 0.013638851853398234 0.005354814396320131
2.0 0.3402245430532528 0.400042605275 0.399934265816 0.0023571933674145645 0.00017824011822931203
2.0 0.2960112267759666 0.87126253279 -0.849644969994 0.055138447142593555 0.07607323076712494
2.0 0.7228389424987217 0.849873592271 0.849822440966 0.0027129565675479586 0.001446015140394967
2.0 -0.07756520281409846 1.92859436652e-07 -0.299938887313 0.0010205167077912479 0.0001349919475430232
2.0 -0.51030133353847 -0.600002665895 -0.599904377718 0.000450160577466665 8.603189938350742e-05
2.0 -0.0775737383594137 1.06466685453e-05 -0.299995822076 0.0006346537383599714 0.000417965177522235
2.0 0.11832620819612269 0.199855451192 9.41905622539e-05 0.0012869766548575467 0.0001873860250041013
2.0 -0.11831191412571791 -0.199811656237 -0.0001391620197 0.0034399438194441683 0.0012614903593401213
2.0 -0.15511342421200752 6.86286135106e-05 -0.599968315015 6.499923265209012e-05 0.0015201666701277904
2.0 0.4252860943973796 0.500050226443 0.499945709823 0.0019832803935929 0.00018784997861589768
2.0 -0.2551935748302301 -0.30005110733 -0.300004178668 0.0013681661189489116 0.0001025776819314954
2.0 -0.17759152558003932 -0.300023644158 1.38869513916e-05 0.003427939082419218 0.0005771441921490238
2.0 0.10002220570391149 0.300059917345 -0.300051281524 0.00019050154631237794 0.003277760688115418
2.0 -0.10002228570651424 -0.30005038766 0.300029158965 0.00778975589881634 0.0024741620130041076
2.0 0.17757338533923694 0.299997007533 -2.30632884488e-05 0.0004230765077267729 0.0007686241719348005
2.0 0.42485489862426545 0.499537454078 0.499452032494 0.0011340925707050387 9.28467738744097e-05
2.0 0.1551368553888128 -2.34575632498e-05 0.599955526173 0.012497194601756514 0.004651076667600798
2.0 -0.42485634910204917 -0.499537354331 -0.499457869694 0.0008008719564930138 9.159658064918965e-05
2.0 -0.5103148045340276 -0.600036651953 -0.5998786758 0.00041238192974357924 5.4466420784667564e-05
2.0 0.5102758974698447 0.600006121693 0.599798108242 0.0017851702559233914 0.00030989701324298245
2.0 0.13338620670143067 0.400118024197 -0.400065697153 0.001729250202633661 0.0075628590471522985
2.0 0.2000384135526962 0.600021501444 -0.599900674092 0.014536001218539665 0.027391715427856442
2.0 0.5102784111987159 0.59992834899 0.599985848278 0.0009333400163786676 0.00017631822804457957
2.0 -0.15516440257851005 -5.83816592072e-05 -0.599874721154 6.400172416138538e-05 0.0019684296510182517
2.0 -0.20003838841555163 -0.600025546151 0.599910029522 0.009539479120511314 0.00429611324608102
2.0 0.25512576425279937 0.299963708058 0.299942015187 0.0025491549400981544 0.00010360349380521672
2.0 0.07758451713992401 3.19079256889e-05 0.299940096426 0.006491795799388404 0.0013924438301256995
2.0 0.09999436469970896 0.299963567495 -0.299938398222 0.00011450564479460444 0.0029362273952968886
2.0 -0.09999238754077092 -0.299962121951 0.299942734926 0.007884987031660276 0.0025973272017083887
2.0 -0.25512432528734513 -0.299962175531 -0.299939958736 0.0013519242101536547 7.613949807935625e-05
2.0 -0.19999607622358015 -0.599956961112 0.599916658061 0.009642427394865495 0.004365938064103664
2.0 0.014993815825051134 0.200115318349 -0.400078748867 0.00010245642152182706 0.002104922288508741
2.0 -1.3062420068983087e-06 1.85749017003e-06 -9.30287910028e-06 0.002200702357994316 0.00010754474892197595
2.0 0.3551720045971039 0.600024488477 -1.83018551306e-05 0.004001075176099613 0.010319008872712367
2.0 -0.42527462349182793 -0.500013627149 -0.499985127557 0.00042094661025435904 6.199918703543797e-05
2.0 -0.3551436654037227 -0.599961725541 -1.57754368972e-05 0.002134218207353467 0.0005118382772487348
2.0 2.84322112693762e-07 2.49131120301e-07 5.29196403758e-07 0.0021149058513001326 9.89232023817717e-05
2.0 0.3551460013737028 0.600006882204 -7.85539534308e-05 0.0030966987628316843 0.00874340982457332
2.0 -0.3554150355418568 -0.600463016195 8.2298871945e-05 0.002891861881507622 0.0009095378370486536
2.0 2.3671165739160688e-05 4.1408427413e-05 -3.24828040266e-06 0.0027264291677215357 0.00013825221979441452
2.0 0.2516903358566883 0.600015470105 -0.400153009266 0.008972540811129982 0.01901470011333594
2.0 -0.4589144463287109 -0.600491829168 -0.400075706301 0.0008973907887770203 0.00023811199071380835
2.0 0.25508608664254084 0.29985095146 0.300046681888 0.002512564399038907 0.00012637735394976517
2.0 -0.22189876904710817 -0.200133850429 -0.399963764877 0.0008400957823647681 0.00015981261655891932
2.0 -3.65853357691e-05 -6.6674636096e-05 1.11438952571e-05 0.002554420242016997 0.00011818264388313702
2.0 -0.35512753196964514 -0.59993249696 -2.02921795026e-05 0.002371270573479115 0.0006365033689753809
2.0 -0.1775586341710643 -0.299962133468 2.79071344433e-07 0.003532878159704673 0.0006389053345142766
2.0 0.17755964255845924 0.299963578864 3.11809220679e-07 0.0004012892801986916 0.0006973067216606219
2.0 -4.0112338134526114e-05 -7.01521110662e-05 5.46510638418e-06 0.0024405293431733087 0.00010392187961843614
2.0 -4.175874521034002e-05 -7.90813341498e-05 1.95373356626e-05 0.002538851451791434 0.00012101154049030105
2.038 0.38661484522008754 0.430162915007 0.50994327352 0.0029249566630110318 0.00032031854233933603
2.038 0.1266055412551977 0.430140353244 -0.510018097152 0.003568453625638929 0.011096428465632543
2.208 -0.3853237574104173 -0.474095398048 -0.38911090609 0.0012324027827992495 0.00016596754548128822
2.23 -0.15777899597393824 -0.56238403105 0.799554209014 0.01739779530918112 0.008978493845756842
2.259 0.662518791197663 0.763095723272 0.799568016005 0.0030962539217722455 0.0014895899873762601
2.267 0.5080432741059961 0.514755640904 0.799510049216 0.011730315209084121 0.006346623164029424
2.316 2.9486622278744967e-05 6.22617712351e-05 -4.15578818604e-05 0.002997008120281028 0.00016111397509669127
2.325 -0.1625338347679908 -0.125615840471 -0.363345074365 0.0011206908108450863 0.0002737706394723424
2.352 0.3263569503478905 0.800164113854 -0.784292410454 0.07011949044040328 0.09234743691182237
2.366 -0.5323304910896185 -0.799785891291 -0.11600264217 0.00200446252047616 0.0008474613149750402
2.396 0.15201530255629603 0.239308345705 -0.000472719594595 0.0011714530881212879 0.0002910658124981828
2.454 -0.6745840940056179 -0.799831582259 -0.733597821054 0.001986380297302468 0.0011264109933679933
2.5 1.142980050424705e-07 9.3726223667e-08 2.47751085117e-07 0.0035276530588327316 0.0002350059936779331
2.507 -1.7011349114714446e-05 -4.65916814044e-05 6.04868629585e-05 0.0034030998175398493 0.00021241682616802044
2.631 -0.41954788032507384 -0.79991670978 0.510738937044 0.006244710792890398 0.002760332144789868
2.883 -0.4587774864342229 -0.44868306762 -0.799533418989 0.00044884811005659893 0.000365063968033108
2.901 -0.3236089409177519 -0.560337195822 0.297379597643 0.007470666668523248 0.002455631394710514
2.983 0.25463575259211596 0.469939519226 -0.359902056062 0.007104345727173157 0.01617452205886024
2.995 0.6419201112362349 0.744987082743 0.696692219616 0.0014730598739264883 0.0007045416321889721
2.999 0.00012008783663269157 0.231380430006 -0.849251403379 0.0032359381393041397 0.011388556372194053
2.999 0.3434162239312174 0.268689637723 0.849525445855 0.030403801983031643 0.01872412384761447
2.999 -0.3434404033186426 -0.731289774044 0.849542066773 0.009425965978491309 0.0036980057404521396
2.999 6.225602656503848e-05 -0.231199993194 0.849563739591 0.0325690912761255 0.017142423278650606
2.999 0.7426858653331663 0.849987828485 0.84947784932 0.00088218020819894 0.0008480887534093729
2.999 -0.3435141918534375 -0.731394180144 0.849530971991 0.011061411110619005 0.004744301774589244
2.999 -0.7426963443664183 -0.850025099674 -0.849396984822 0.005400954761683803 0.003901850984099494
2.999 7.600560001046197e-05 0.23135178926 -0.849381937063 0.004664657126078102 0.014150060931847626
2.999 -0.34341753538609576 -0.268707748195 -0.849465936656 0.00024794936231098505 0.0011123395293125378
2.999 -1.6013851443709426e-05 -0.231337470049 0.849650153905 0.029664160979510332 0.015058136994135253
2.999 0.34353293474791363 0.731358901349 -0.849301157937 0.09787339049046455 0.12147070216137633
2.999 -0.34340120315376416 -0.268723451925 -0.849320915947 0.00010214987661611157 0.0015220850693923613
2.999 -3.1842212591578745e-05 -1.4436674344e-05 -0.000117252225354 0.005537740975175572 0.0006567836331626901
2.999 0.34344160705533205 0.268691413956 0.84965466092 0.0351326694423055 0.02243458411018786
3.0 0.16272845403923228 0.400118332157 -0.599804507799 0.007055941505414979 0.01720956470124607
3.0 -0.30002857999166926 -0.600007504898 0.599874699581 0.011533363366727136 0.004557512215955308
3.0 -0.3000406316950199 -0.60001710568 0.599845512278 0.009448962967106168 0.003302484096415065
3.0 -0.3869438880040442 -0.400039351712 -0.599839274216 0.0004889944830887572 0.00030315981868235867
3.0 -0.1627269808223573 -0.400131353646 0.599860236395 0.017120402244694473 0.007112501823700244
3.0 -0.5243292703766261 -0.600035049386 -0.599833696756 0.0008522543966486925 4.315232942353214e-05
3.0 -0.2621468929654303 -0.299988451426 -0.299928774587 0.002615042165216958 0.00015239184827436558
3.0 0.593115645091031 0.70014907643 0.599905128398 0.0010563785109600906 0.0004843988147822187
3.0 0.056071335721545414 1.93328795586e-07 0.299931168255 0.010843785599951408 0.0030252862853962967
3.0 0.5931140087150587 0.700145628486 0.599909044903 0.0010606447333765992 0.00048548763054441344
3.0 -0.4365068915937943 -0.499535000001 -0.499355000001 0.0009360753703604145 4.617518424334462e-05
3.0 0.5930326438927953 0.700034892443 0.599880721136 0.001106043439337651 0.0005070198961910192
3.0 0.38690415030446246 0.399970909169 0.599878208765 0.010840733721753605 0.0048350466124810155
3.0 0.5242877969964481 0.599962449488 0.599878623389 0.002303063674548084 0.0006064238146160469
3.0 -0.43692525678416705 -0.499970588727 -0.49999228718 0.0012743198988151832 0.0001103809305167101
3.0 0.2498043418137854 0.499544 -0.499371000002 0.015448364954145522 0.027958734814157584
3.0 0.43652024336301876 0.499546 0.499386000001 0.002862327087226488 0.0005336369354079972
3.0 0.11218358288383064 6.19732756504e-05 0.599854872916 0.02216290727714742 0.010100753330541412
3.0 0.4365228041244812 0.499546909933 0.499396354202 0.002799594817898762 0.0005203458525737218
3.0 -0.4365213197482489 -0.499543717859 -0.499400143562 0.0009891367357214094 4.573737403499647e-05
3.0 0.3868911529039911 0.399942401104 0.599913438696 0.013246231274406538 0.006472930066811456
3.0 0.16267018120209625 0.400035094305 -0.59981035359 0.008524049298499767 0.019462846574897292
3.0 -0.5242878251227422 -0.599952482296 -0.599915398847 0.0012581056758252107 0.0001694273368058638
3.0 -0.5928737439895619 -0.699849597985 -0.599711622591 0.0018461417629945878 0.0005858734360120334
3.0 -0.11215104316899088 -2.97878523957e-05 -0.59979908147 6.457182187538736e-05 0.0025261369108170455
3.0 -0.162631245189146 -0.400019796971 0.599962415787 0.015198558397339051 0.005882918634114965
3.0 0.300042714583917 0.600009437459 -0.599806193362 0.036144289447665755 0.052757251407928765
3.0 0.1499533236565431 0.29994743038 -0.300056506985 0.00033424544050816743 0.004230841185259061
3.0 0.30009065505123894 0.600059311023 -0.599733017627 0.032234537376363184 0.04796764954081181
3.0 -0.5928803193116583 -0.699858447602 -0.599714276313 0.0018322159301060387 0.0005834876086760696
3.0 -0.5928914892352898 -0.699871915334 -0.599724537552 0.0018243248605024564 0.0005795414400397756
3.0 -0.5928840760523661 -0.699860591587 -0.599726493348 0.0018571449192034128 0.0005928434337844586
3.0 0.2621320827021228 0.299966368345 0.299930698346 0.004437435366632527 0.0006631272536744295
3.0 0.14999047780208183 0.299966146612 -0.29992653913 0.0005889950232395624 0.005186409213443961
3.0 -0.14998863266978982 -0.29996490158 0.29993183401 0.00964658828241986 0.0026159140458054553
3.0 -0.2621304661859911 -0.299964616889 -0.299928487243 0.0019489965279034403 4.034508232542499e-05
3.0 -0.38689555647798896 -0.39996579895 -0.599851017208 0.0011091479444483067 0.00014368210576187832
3.0 0.11219518261366282 4.33454057668e-05 0.59998537033 0.025461186452425795 0.01232143741976862
3.0 -0.11220892728696487 -7.34941479086e-05 -0.599948108885 0.00021959169694142478 0.0017133946689878304
3.0 -4.267687074790596e-06 -1.10599045721e-05 1.78119030986e-05 0.004376549206421872 0.00046905671308875794
3.0 -0.4121456262540191 -0.599953930645 -4.88473555518e-05 0.002733132989511886 0.0003795379893565429
3.0 -3.827177736927211e-06 -1.05530324988e-05 1.83057071454e-05 0.004395688978937702 0.00045707509091725597
3.0 -0.33738517463699447 -0.599972302918 0.399920723315 0.006495131938910312 0.0018409299666708983
3.0 0.48696355873314606 0.600038321843 0.399948279469 0.0002793088429548366 0.0011930171330737595
3.0 1.634670246310293e-06 2.42207546884e-06 -1.56017535415e-07 0.004260964688304285 0.00032587151310724055
3.0 -0.33746873205649675 -0.600097982423 0.39993558169 0.008037003437150754 0.0027257139529569723
3.0 4.740938442444005e-07 5.13207801879e-07 6.50170356391e-07 0.004147785488460325 0.00029762199447795813
3.0 -0.4869253461410199 -0.599958958593 -0.400035500741 0.0011587262598247575 6.334010662143661e-05
3.0 -0.056124370354704585 -5.39594128582e-05 -0.300017289972 0.001433533091576881 0.00033001626828203134
3.0 0.33735145887349555 0.599935835445 -0.399967070945 0.025724109652665902 0.03910284159565104
3.0 0.41210767506965923 0.599913446783 -5.39756965129e-06 0.008251855315184839 0.015090150429519314
3.0 0.20604812895647479 0.299954647847 -2.56079073006e-05 0.0008717177785534918 0.0005141280399234903
3.0 -0.4122173756697601 -0.600053487394 -6.68161762669e-05 0.0037764996042793483 0.0008449951954625863
3.0 0.056088045805697644 -4.0481352936e-06 0.300036137872 0.013679730150382855 0.0045449940920031994
3.0 0.524275261044469 0.599908166244 0.600011034004 0.0034937893485679316 0.0012464274109825339
3.0 -0.20617084850017675 -0.300108249055 -6.64164556496e-05 0.005295659120633329 0.0008174907040015036
3.0 0.33744454373293464 0.60004388238 -0.399866174103 0.023988177402146944 0.036962082864571824
3.0 0.48699778151787393 0.600049507071 0.400090240243 0.0004417214617204186 0.0007235135775928342
3.0 -0.14991950433786946 -0.299890927331 0.300029786693 0.011238773560039479 0.0034828158511120634
3.0 2.548365031585243e-06 2.23669198562e-06 5.41264062416e-06 0.0008719799003960964 0.0011382526920072887
3.0 -0.48692191862067813 -0.599968944129 -0.399980474136 0.0017014618294880284 0.00022815848493161242
3.0 0.4369346911925973 0.499969403661 0.500047107483 0.004947944515718463 0.0015623098928176685
3.0 0.26219276888975335 0.300023009161 0.300047185724 0.005936922475381884 0.0012150536535176202
3.0 0.412135760169929 0.599951134148 6.34844797509e-06 0.0068182998016743926 0.013072393157142368
3.0 -0.20605982564134118 -0.299964800386 3.47100198462e-07 0.005706603551654775 0.0009155546885386889
3.0 0.20606095565337668 0.29996624544 3.87529068264e-07 0.00038062662716372396 0.000874796523212787
3.001 0.3431960176414629 0.499542999999 2.0572578985e-07 0.0046949416993519585 0.011032143748283289
3.001 -0.3431993756866734 -0.499548000001 2.06568101878e-07 0.003191478550248457 0.0003652222940197916
3.001 0.3431906721731964 0.499535 1.01200879812e-06 0.0020809904632983923 0.006839588523718614
3.001 0.34319881260422164 0.499547 4.56575262029e-07 0.002836079245971913 0.008159035629315177
3.001 -0.3431819811884576 -0.499522999999 1.37834671804e-06 0.17717953123829824 0.1609587985461075
3.001 -0.34319381407389554 -0.499540000001 5.5678425188e-07 0.0033527218714101852 0.0004087159222605317
3.093 0.1715912456287956 0.352668790712 -0.400683131515 0.0023810961182940643 0.009206479479216444
3.154 -0.4189122267412461 -0.799835090459 0.776581052306 0.00862528346412938 0.0036247712717780815
3.16 0.6596980331907335 0.739856710376 0.799659753586 0.005064585760813781 0.0034686778558424554
3.166 0.35700314276724554 0.560657701892 -0.194085035526 0.01106288633252064 0.019831839500237695
3.245 0.5234580453923645 0.54485194579 0.799661578366 0.017843236899497867 0.01232033068601792
3.272 -3.739318939533046e-05 -5.02970994357e-05 -1.09455792359e-05 0.004570692654581699 0.0003539645602329602
3.327 0.29380747710471045 0.522629038036 -0.448249975218 0.01728892721749432 0.029284635052918253
3.465 0.18672259547257158 0.299817896511 -0.171724324637 0.00015104296881185314 0.0022196898900835294
3.498 -4.617680681478082e-05 -5.86243045187e-05 -2.43295931047e-05 0.00489496076482902 0.0004086666124073344
3.5 2.2441757753366095e-07 2.31274300383e-07 3.53322417139e-07 0.005551915661846465 0.0005714093990150982
3.641 0.5145857865430633 0.800138385597 -0.426549528334 0.12252818814228138 0.1372583752970195
3.723 0.3075596259340777 0.427207286842 -0.0335325197842 0.00041846428303476447 0.0031525092660311875
3.803 0.07551996583174042 -0.0632926200764 0.799435478662 0.04162680831097107 0.022956273431110577
3.998 -0.4799912934846364 -0.800053029362 0.799454530606 0.004553976834604584 0.0016034305492544428
3.999 0.11692111938087174 2.82471022101e-05 0.799444299467 0.04032203315984164 0.022664229730842988
3.999 -0.4153715462800275 -0.400044698189 -0.7993041596 0.0008440816342699213 0.0007840481859954784
3.999 -0.1816310175678015 -0.400122375595 0.799573508649 0.01865437824757457 0.00703735505008776
3.999 -0.7139119707707311 -0.800149097273 -0.799330716402 0.006785706312608249 0.005630456243903141
3.999 0.18160153214929653 0.400044108074 -0.799375777034 0.01878392449417975 0.033591210555521375
3.999 -0.116979175811254 -0.000116624219964 -0.799390370462 0.00037403104113401507 0.0041456899526897
3.999 0.41532046005437295 0.399937402063 0.799502293249 0.03363431672227536 0.024050177463688264
4.0 3.0537826224625415e-05 5.76650456278e-05 -8.54444481812e-05 0.006854147606181356 0.000909450098707107
4.0 -0.53855632561701 -0.800104103114 0.399994744543 0.003196700848271747 0.0012895935438872077
4.0 0.2985171932156363 0.400065580042 -6.57915117762e-05 0.00020601914644021466 0.001565654826578059
4.0 -0.0585161553946886 -4.20197536287e-05 -0.400047364042 0.0007178009909548104 0.00133333147609361
4.0 0.058529736738566526 8.81524586098e-05 0.399904796377 0.019460360736214433 0.0074984285116346935
4.0 -0.29859415612121876 -0.400157996595 1.10551569418e-05 0.005064846858347169 0.0005746901077263964
4.0 0.655531390990324 0.800139680142 0.399955771933 0.01738253803686833 0.019020428933457675
4.0 6.7186754333303e-06 1.19525990708e-05 -1.50504134191e-05 0.00527911976592668 0.000462547813308541
4.0 -0.5970104060192488 -0.800084059375 5.52061940001e-05 0.00393051564248551 0.001796484357535464
4.0 -0.6554211482238517 -0.799993364421 -0.399948502501 0.003988699515897542 0.002559998467993519
4.001 -3.715014226643087e-05 -5.6267346621e-05 3.31066344035e-05 0.005605542707935653 0.0005435697573188117
4.056 0.11925277618032198 0.313424005219 -0.799411218475 0.009642009025167268 0.021816929652453326
4.067 -0.327622607709249 -0.283524531349 -0.799219201717 0.0007350595613767515 0.001274706342592739
4.186 -0.6523928700098002 -0.800181962085 -0.344443428799 0.0031900093061913992 0.0020469538298907774
4.367 0.7160838662352476 0.797744291588 0.795397073627 0.0023240107321946526 0.002370274603215653
4.499 -2.229964893297484e-05 -3.10587804758e-05 1.18124463214e-05 0.005226068260424372 0.00046283156862594
4.5 1.9956287198823652e-07 2.095393547e-07 2.92914154429e-07 0.0054871135864707835 0.0004979690307336199
4.671 -0.28318688202232756 -0.497006150578 0.799291167681 0.01013705395019899 0.0026075510468614384
4.978 0.5107967818385452 0.613095385341 0.240620025871 0.0029808659634827277 0.0039846709084046935
5.0 2.781054874654828e-07 2.96792814661e-07 3.72123188718e-07 0.005113566997888743 0.00044435471563104416
5.0 2.7798809719940214e-07 2.96839923684e-07 3.70835704136e-07 0.005110985293281238 0.0004622039740861331
5.0 2.149697512984877e-07 2.32159011654e-07 2.69647768421e-07 0.005116636485625662 0.00046734411522984836
5.0 -0.7078635765809608 -0.89987087073 -4.59671177912e-06 0.014436038058284589 0.015445484712257766
5.0 -0.7079330690712566 -0.899959478954 -2.85313334399e-06 0.004339327141252326 0.005440752040639632
5.002 0.3929937134472659 0.49955 5.35882219171e-07 0.004089401801027327 0.007679890172298258
5.002 -0.39299279546503385 -0.499549 5.58927267666e-07 0.001657204313064279 9.82339521361828e-05
5.039 5.4977101564814365e-06 8.79811179842e-06 -1.20437265333e-05 0.005025249646465523 0.00046038284841962585
5.5 2.354834093650952e-07 2.51334069115e-07 3.07247729589e-07 0.005103464554191399 0.0005099470819726809
5.516 -0.7191809417304398 -0.800165542008 -0.699340907901 0.006422610534547481 0.010066300436809245
5.522 -3.140664006295637e-05 -3.70291220576e-05 -1.52420333188e-05 0.0048762705639157486 0.0005031018885728141
5.638 0.6536387793869538 0.769754469818 0.306333989297 0.026071447538206307 0.024126495983295734
5.681 0.25061886418642 0.407924431624 -0.7371860791 0.025963412417574515 0.03830578541001829
5.839 0.6164221221034905 0.657564262372 0.792533257678 0.01756318904783793 0.019147331901770297
5.868 0.1851673163734664 0.125766491394 0.799609983831 0.047524612682114185 0.03136711696948297
5.937 -0.1292199029344509 -0.0630909225336 -0.758200668638 0.00046883670105919473 0.004476430024507168
6.0 -4.488614386769216e-06 -4.34440583246e-06 -9.28140729749e-06 0.005036576368316903 0.0005549060219837878
6.0 4.1691565376195326e-07 4.5272937406e-07 4.67194783085e-07 0.005900195232568648 0.0007648323451763151
6.038 0.6683961817804863 0.799932777019 0.147520489834 0.0707278178075052 0.06581330964811818
6.118 -0.587950720957602 -0.800020655995 0.672689436685 0.001753930656712272 0.0018493657869007567
6.278 -0.07012689625062879 0.00949044599538 -0.798977072587 0.0008783496874896629 0.006436428666078819
6.464 -0.6188758264222459 -0.656582314499 -0.799069295387 0.001923125644462016 0.0032696851817795645
6.482 0.5658288656873458 0.720401043827 -0.31923254095 0.11945271366398821 0.11553005452066678
6.5 5.760654226619009e-07 6.32855013315e-07 5.52357995811e-07 0.004453415879780501 0.0005817056850287351
6.535 -0.07364445916360556 -0.0522860392989 -0.322541600486 0.0008853066471612532 0.0012418008738491
6.58 1.6083275139692213e-05 2.50980216757e-05 -5.07105242186e-05 0.00442608937162729 0.0006054044044662988
6.586 -0.6054305835295289 -0.709621960444 -0.178523588803 0.001096569482640006 0.0018651354844738588
6.589 -0.6486326541561367 -0.789279466255 0.067288608463 0.0016966223149203867 0.003893071483881502
6.945 -0.35635429456918816 -0.481394701355 0.524815031624 0.001301177285943772 0.0005932250958333722
7.0 0.5029373364719503 0.600008862767 -1.70983203915e-05 0.006731748048784245 0.005663096706831914
7.0 -0.5029291544922085 -0.599996997005 -2.89881401595e-06 0.002350221052597937 0.002000071642128654
7.0 6.300848033020822e-07 6.90401266281e-07 5.82383732422e-07 0.003738187160885361 0.000680898835231411
7.0 3.1526299366625795e-06 3.78251440966e-06 -2.03421080588e-07 0.00561025508137799 0.0026755839674131973
7.001 -0.3351790975515781 -0.39986107182 -1.32088465666e-06 0.0005964071003015043 0.0002284779010946124
7.001 0.33518388943032534 0.399866999659 -6.8648400485e-07 0.00018442533425261443 0.0007126985238168313
7.001 -0.3351836506260363 -0.399866580565 -5.88880036338e-07 0.0006906509534649085 0.0001791706082319286
7.001 0.3351753569514303 0.399856443433 2.89776520801e-06 0.00018892693364767936 0.0007578045373464423
7.187 -7.983155471635293e-07 1.55253061236e-06 -2.44547691377e-05 0.004003941632705563 0.0006819603690299901
7.411 -0.5773111275481999 -0.61019369966 -0.73102349434 0.0007239043101725187 0.001449326139887854
7.5 6.536554008913199e-07 7.13139416956e-07 5.95962643468e-07 0.0036146984920635804 0.0006452877154725612
7.748 -0.23308358113005062 -0.20028311741 -0.778847969759 0.0006891716983611269 0.0027009484856432985
7.761 8.025812491367462e-06 1.31920507257e-05 -4.00789427319e-05 0.004128992770484837 0.0009194489459237037
7.809 -0.45475806914567246 -0.608065856225 0.79948651348 0.0012700099788573065 0.001140034495949312
7.953 -0.7200130975181174 -0.800141087454 -0.458841196123 0.002267500484823364 0.016928378795868348
7.997 0.472298697800284 0.483879364475 0.747863287147 0.03671596078852101 0.04048384456047448
7.997 -0.6222779514594935 -0.800081791609 0.799422203386 0.001383169431901083 0.004523934942446804
7.997 -0.7467190106856408 -0.799956583473 -0.798879820756 0.003826316021714648 0.028690472962352734
7.997 -0.5751201266559347 -0.603631990822 -0.752452418043 0.0008464980538431459 0.0015810016351966247
7.998 -0.7704302849293805 -0.900407294693 -2.13658499777e-05 0.003407182778941023 0.03160297421029621
7.998 0.1848260747609127 0.284438831601 -0.751480097734 0.010739846647286696 0.016539693158802462
7.999 0.4723755794962977 0.595577791993 -0.477961834173 0.07132981387557379 0.06561412508240431
7.999 -0.6146511147645796 -0.737223078647 0.207443309863 0.0016525215627868248 0.0020565735424359645
7.999 0.006183305770624061 0.0778726348925 -0.775914197893 0.000689078790815271 0.0034738146843134323
8.0 -0.34022104962768795 -0.397739663849 0.00147795234662 0.002575461897113719 0.0010728950686077756
8.0 0.11428263993221917 0.123660418868 0.108724548002 0.0075885508930899235 0.0034692554844563952
8.003 -0.4274838096565178 -0.499559 4.96475638347e-07 0.00040383462833849283 0.0003654582412404953
8.267 8.679557645908517e-07 1.01733497846e-06 -8.82377218943e-08 0.003956088493280973 0.001095068139830587
8.5 8.058963634290838e-07 8.72017732937e-07 7.24117931329e-07 0.3083882408318761 0.30643560685317744
8.729 -3.341220381284822e-06 -1.11252347674e-06 -3.31258564929e-05 0.0036597694204760288 0.0013443545703721003
9.0 8.236759837182383e-07 8.87386321041e-07 7.44042960438e-07 0.3048999074088745 0.30951246659258547
9.167 9.845322010005425e-06 1.18264398763e-05 -6.78784793694e-06 0.004206418596168625 0.0017712131181939284
9.2 -2.065428207291246e-06 -2.2533840531e-06 -1.46366981843e-06 0.004884409708889519 0.0021468074018829606
9.5 8.437327921999538e-07 9.05591356723e-07 7.64086206008e-07 0.2879252102002565 0.29379996155464555
9.663 -3.1221983036552446e-07 1.67300203258e-06 -2.73073909536e-05 0.007589234215150262 0.004510786303196841
9.99 1.0383393521387238e-05 1.2811356145e-05 -1.43388986515e-05 0.0040701444725460756 0.002653272145114477
10.0 3.2258536837409007e-06 3.65619772075e-06 5.78387980902e-08 0.004934413694009285 0.003186183984487942
10.0 8.200978298121467e-07 8.74404515105e-07 7.84036176137e-07 0.2783306997542685 0.2899288629715717
