2.500000000000000000e+01 2.500000000000000000e+01 5.000067850229999999e-01 -8.997030342249999757e-01 2.141264585058993205e-04 3.044572180712560965e-04
2.500000000000000000e+01 2.500000000000000000e+01 -4.999763768100000116e-01 8.998002874249999561e-01 1.461231612654583542e-04 9.535625151756828776e-05
2.500000000000000000e+01 2.500000000000000000e+01 4.999809066820000147e-01 -8.996478620200000220e-01 4.693154567848322237e-04 3.072186414341594209e-04
2.500000000000000000e+01 2.500000000000000000e+01 -4.999710053409999744e-01 8.997408021910000553e-01 3.186590428498436815e-04 2.201237193161333973e-04
2.500000000000000000e+01 2.500000000000000000e+01 5.559618062569999912e-05 -7.997388439200000532e-01 2.935076994431467189e-04 8.015394348398416358e-04
2.500000000000000000e+01 2.500000000000000000e+01 -1.010408128440000029e-04 7.997591077019999828e-01 4.535938890703468764e-04 3.914512158311085361e-04
2.500000000000000000e+01 2.500000000000000000e+01 4.000026132380000154e-01 -7.998326983850000405e-01 2.357204208725307551e-04 2.737812032929859743e-04
2.500000000000000000e+01 2.500000000000000000e+01 -4.706841778459999737e-01 -7.934488443239999800e-01 3.491004756132993158e-04 2.742898561647945290e-03
2.500000000000000000e+01 2.500000000000000000e+01 4.000113541060000277e-01 7.999073959089999519e-01 3.857825921829532686e-04 3.892192431244798057e-04
2.500000000000000000e+01 2.500000000000000000e+01 -4.000014214750000074e-01 7.999160962719999990e-01 2.020640141522401254e-04 1.146634680786040171e-04
2.500000000000000000e+01 2.500000000000000000e+01 4.000412087690000118e-01 7.999245528189999899e-01 6.935807831477685962e-04 6.773246075142531865e-04
2.500000000000000000e+01 2.500000000000000000e+01 3.999605787409999946e-01 -7.998584141800000324e-01 4.054034513588395533e-04 2.790977914353078211e-04
2.500000000000000000e+01 2.500000000000000000e+01 -4.000023341300000257e-01 -7.998607893210000208e-01 2.508522499372290381e-04 2.559486316748771015e-03
2.500000000000000000e+01 2.500000000000000000e+01 -3.999573746399999741e-01 7.998980735399999764e-01 4.989266520660255375e-04 3.157353433891670752e-04
2.500000000000000000e+01 2.500000000000000000e+01 -3.999744203710000057e-01 -7.998290922859999652e-01 2.467767561546683227e-04 2.310906366626336653e-03
2.500000000000000000e+01 2.500000000000000000e+01 1.355617515539999929e-01 7.266329886250000314e-01 4.421886366571270714e-04 3.716101370673381395e-04
2.500000000000000000e+01 2.500000000000000000e+01 -4.198396037509999901e-01 6.965692875979999643e-01 6.339660871173865685e-04 3.572914549158793043e-04
2.500000000000000000e+01 2.500000000000000000e+01 7.311866695359999779e-01 7.937273535129999447e-01 2.142596034129321415e-03 2.117710674182915736e-03
2.500000000000000000e+01 2.500000000000000000e+01 -2.001980641240000136e-01 -4.000234328450000265e-01 3.841260484815009198e-04 5.063364231993968843e-04
2.500000000000000000e+01 2.500000000000000000e+01 -7.693759170079999556e-05 -4.000619429519999826e-01 7.693527369697419080e-04 3.351622731915281702e-04
2.500000000000000000e+01 2.500000000000000000e+01 -2.827254369029999855e-05 3.999723617150000021e-01 5.802719770050119826e-04 3.715257269891205868e-04
2.500000000000000000e+01 2.500000000000000000e+01 7.997815357359999711e-01 -7.998884428300000460e-01 5.566367354026171676e-04 2.815401273779233587e-04
2.500000000000000000e+01 2.500000000000000000e+01 4.994959096620000261e-01 -4.994923469829999907e-01 7.052742363613270869e-04 3.417835748200408132e-04
2.500000000000000000e+01 2.500000000000000000e+01 1.999085536569999988e-01 -4.000781273719999920e-01 6.122170530010871041e-04 2.889846349804655028e-04
2.500000000000000000e+01 2.500000000000000000e+01 -2.002404385210000137e-01 3.999209769520000179e-01 8.863774208999437377e-04 5.063019986326844834e-04
2.500000000000000000e+01 2.500000000000000000e+01 9.980007281539999830e-01 9.980007551080000150e-01 4.628674820002569475e-03 4.617964389818377674e-03
2.500000000000000000e+01 2.500000000000000000e+01 -5.000007434409999840e-01 4.999680159759999909e-01 5.290664585678825794e-04 2.490774695766250890e-04
2.500000000000000000e+01 2.500000000000000000e+01 -8.995683064909999471e-01 -8.995688053820000141e-01 2.984297354191973398e-04 3.539617973814114960e-03
2.500000000000000000e+01 2.500000000000000000e+01 -4.995018651820000155e-01 4.995062330919999849e-01 7.791029916874529630e-05 9.133066977601316970e-04
2.500000000000000000e+01 2.500000000000000000e+01 5.999911035910000523e-01 5.999911128310000397e-01 3.953380076375130332e-04 3.940815420128576207e-04
2.500000000000000000e+01 2.500000000000000000e+01 -5.322853407009999952e-05 -5.287984106780000039e-05 8.826482316232162496e-04 4.455289661320321177e-04
2.500000000000000000e+01 2.500000000000000000e+01 7.997928954880000330e-01 7.997931258510000418e-01 2.386182026119584073e-03 2.365561775294146990e-03
2.500000000000000000e+01 2.500000000000000000e+01 -7.997446037880000524e-01 -7.997445068480000252e-01 4.113930820933618627e-04 3.964602219835971705e-03
2.500000000000000000e+01 2.500000000000000000e+01 -7.998627644619999977e-01 -7.998627656800000318e-01 3.058661000541835952e-04 3.664950472737234493e-03
2.500000000000000000e+01 2.500000000000000000e+01 6.000203633239999945e-01 6.000203978939999683e-01 9.236417225159411753e-04 8.919556423823404032e-04
2.500000000000000000e+01 2.500000000000000000e+01 1.209217639089999881e-07 1.221902646690000046e-07 9.478912163743316143e-04 4.709113902668746079e-04
2.500000000000000000e+01 2.500000000000000000e+01 1.209454052630000132e-07 1.222049530130000132e-07 8.462441412817034696e-04 4.058866434915700842e-04
2.500000000000000000e+01 2.500000000000000000e+01 1.211293789480000094e-07 1.223515387179999989e-07 9.620887760673188559e-04 4.904852346266107060e-04
2.500000000000000000e+01 2.500000000000000000e+01 1.209167169170000116e-07 1.221920311899999918e-07 1.127392817223910786e-03 6.094446476839586587e-04
2.500000000000000000e+01 2.500000000000000000e+01 1.209721481199999919e-07 1.222750041349999947e-07 9.303338865290300755e-04 4.455614227860239351e-04
2.500000000000000000e+01 2.500000000000000000e+01 1.208994342099999971e-07 1.221759406019999896e-07 8.889222107319685482e-04 4.218281780042268240e-04
2.500000000000000000e+01 2.500000000000000000e+01 1.209180131580000124e-07 1.221965477359999942e-07 1.006129646420047836e-03 5.008310724592745589e-04
2.500000000000000000e+01 2.500000000000000000e+01 1.207062763160000051e-07 1.220282278200000120e-07 1.190769972279986716e-03 6.295223880077428866e-04
2.500000000000000000e+01 2.500000000000000000e+01 9.659920428560000404e-08 9.514950387230000500e-08 1.118881606565343481e-03 6.547375108960661917e-04
2.500000000000000000e+01 2.500000000000000000e+01 -9.692427330080000125e-01 -9.692427349050000140e-01 4.930314190540514450e-04 2.941131885340745201e-03
2.500000000000000000e+01 2.500000000000000000e+01 -4.375022190519999854e-01 -4.375026111890000236e-01 1.345350318754111633e-04 1.120955131589448407e-03
2.500000000000000000e+01 2.500000000000000000e+01 9.484006733070000525e-08 9.314798229299999467e-08 1.674435836293569223e-04 1.479270551517971460e-03
2.500000000000000000e+01 2.500000000000000000e+01 2.000349735599999956e-01 2.000349759900000024e-01 3.303495047087871513e-04 1.702388738979488433e-04
2.500000000000000000e+01 2.500000000000000000e+01 -4.375679999959999900e-01 -4.375680000030000016e-01 4.603172046477300950e-04 1.335744423102020254e-03
2.500000000000000000e+01 2.500000000000000000e+01 4.365499999970000045e-01 4.365499999979999823e-01 5.022050997822855500e-04 4.177408538991047942e-04
2.500000000000000000e+01 2.500000000000000000e+01 -1.134939761980000024e-07 -1.137106299099999959e-07 4.198532272440172572e-04 1.635648049477956688e-04
2.500000000000000000e+01 2.500000000000000000e+01 -3.670506585420000089e-09 -2.157284895399999944e-09 6.269890052901936272e-04 2.646706785799135043e-04
2.500000000000000000e+01 2.500000000000000000e+01 8.498256726170000386e-01 8.498256684739999844e-01 1.591761702007164119e-03 1.580372598987695408e-03
2.500000000000000000e+01 2.500000000000000000e+01 8.997373076579999740e-01 8.997373016280000302e-01 2.097479051276312373e-03 2.085451556795462486e-03
2.500000000000000000e+01 2.500000000000000000e+01 -4.375858512049999871e-01 -4.375857918689999848e-01 1.478842600375297126e-04 1.149892831538301555e-03
2.500000000000000000e+01 2.500000000000000000e+01 2.654083808509999991e-05 2.643390443810000122e-05 7.415132006851638674e-04 3.377152190763098695e-04
2.500000000000000000e+01 2.500000000000000000e+01 4.375772007959999876e-01 4.375771853170000170e-01 1.790805346613505932e-04 1.505697740312738372e-04
2.500000000000000000e+01 2.500000000000000000e+01 2.621063361460000129e-05 2.613097236069999977e-05 7.486865058926817302e-04 3.423449469509270830e-04
2.500000000000000000e+01 2.500000000000000000e+01 5.000474520119999600e-01 5.000474993250000333e-01 1.792260751433200007e-04 1.757677798993363683e-04
2.500000000000000000e+01 2.500000000000000000e+01 9.695039999990000545e-01 9.695040000010000103e-01 3.671219661213367784e-03 3.659320516034800155e-03
2.500000000000000000e+01 2.500000000000000000e+01 -1.999801749959999875e-01 -1.999801624649999998e-01 3.035064611318227671e-04 1.922739086619806945e-04
2.500000000000000000e+01 2.500000000000000000e+01 -5.999718306919999966e-01 -5.999717906229999898e-01 2.347384775540591376e-04 2.275480824385801241e-03
2.500000000000000000e+01 2.500000000000000000e+01 7.998462383269999698e-01 7.998462400789999593e-01 2.582509805778751642e-03 2.559757127691930558e-03
2.500000000000000000e+01 2.500000000000000000e+01 9.495863057669999829e-01 9.495863275179999841e-01 2.908677124622774043e-03 2.897226175448634061e-03
2.500000000000000000e+01 2.500000000000000000e+01 2.599026178480000088e-05 2.627844676650000044e-05 7.038276470187411786e-04 3.142795111185835914e-04
2.500000000000000000e+01 2.500000000000000000e+01 9.942464775739999761e-01 9.942468465170000158e-01 4.442754960260739995e-03 4.432022680061414172e-03
2.500000000000000000e+01 2.500000000000000000e+01 -7.997598956629999867e-01 -7.997599262590000535e-01 2.828203350833860931e-04 3.544033481655781918e-03
2.500000000000000000e+01 2.500000000000000000e+01 9.595550896779999617e-01 9.595551550809999775e-01 3.404606649222098082e-03 3.392432290823152799e-03
2.500000000000000000e+01 2.500000000000000000e+01 7.998736139230000486e-01 7.998735636749999545e-01 1.062485559177887102e-03 1.055120553109390423e-03
2.500000000000000000e+01 2.500000000000000000e+01 1.999501807890000094e-01 -4.808969168129999738e-05 9.347169907739196534e-04 6.767503147166108960e-04
2.500000000000000000e+01 2.500000000000000000e+01 -7.998831413379999811e-01 -7.998834059910000516e-01 3.109584475478551261e-04 3.536081072433388227e-03
2.500000000000000000e+01 2.500000000000000000e+01 -4.375706047569999924e-01 -4.375706744069999821e-01 7.186185838426791418e-04 8.713873326441590140e-04
2.500000000000000000e+01 2.500000000000000000e+01 -5.999568726980000211e-01 -5.999569704860000519e-01 2.436130311111646700e-04 2.545577418871241768e-03
2.500000000000000000e+01 2.500000000000000000e+01 7.998756768789999638e-01 7.998758990980000538e-01 1.215393602124665391e-03 1.205414706992679382e-03
2.500000000000000000e+01 2.500000000000000000e+01 7.999142644179999539e-01 7.999140125589999650e-01 2.439235779209225890e-03 2.418238012674779700e-03
2.500000000000000000e+01 2.500000000000000000e+01 1.999509231740000115e-01 -5.202074078229999680e-05 9.962634505029596427e-04 5.865875687208833887e-04
2.500000000000000000e+01 2.500000000000000000e+01 -4.375390584900000213e-01 -4.375398993199999809e-01 1.419063526323470893e-04 1.163608517619038130e-03
2.500000000000000000e+01 2.500000000000000000e+01 -8.005072569360000001e-01 -7.998684978640000498e-01 4.015199654156777144e-04 4.004742490500002097e-03
2.500000000000000000e+01 2.500000000000000000e+01 -2.440094506080000003e-01 -1.017504541049999989e-01 6.127773162013960178e-04 2.984205291237504356e-04
2.500000000000000000e+01 2.500000000000000000e+01 -3.000278840289999915e-01 -3.180733258619999697e-05 6.205562602925284972e-04 2.647950105150330326e-04
2.500000000000000000e+01 2.500000000000000000e+01 -2.000495712049999986e-01 -5.315643321339999852e-05 1.435141706922440528e-03 2.256085340080233193e-03
2.500000000000000000e+01 2.500000000000000000e+01 2.999507342130000032e-01 -4.663336434100000244e-05 8.794601130563061645e-04 5.367367320499836798e-04
2.500000000000000000e+01 2.500000000000000000e+01 4.589441782290000216e-01 -3.195999418950000170e-01 7.420645279183167705e-04 4.075989630594940329e-04
2.500000000000000000e+01 2.500000000000000000e+01 -5.999693759190000142e-01 5.999830448849999831e-01 3.184449376265360669e-04 1.506268916412203344e-04
2.500000000000000000e+01 2.500000000000000000e+01 6.824051681599999641e-01 6.676769193199999508e-01 1.255334631465350589e-03 1.232945180049326841e-03
2.500000000000000000e+01 2.500000000000000000e+01 -8.005290345890000436e-01 7.997828579939999516e-01 5.550166005855301744e-04 2.833282444371895193e-04
2.500000000000000000e+01 2.500000000000000000e+01 -8.996308445559999534e-01 8.997440418590000322e-01 5.351131409798459996e-04 3.652594875217950090e-04
2.500000000000000000e+01 2.500000000000000000e+01 -7.998424661699999882e-01 7.998962166380000349e-01 2.469424128262166741e-04 1.731040834852957857e-04
2.500000000000000000e+01 2.500000000000000000e+01 -5.999110565699999897e-01 5.999918174139999838e-01 6.189306372108764696e-04 2.979627190469686998e-04
2.500000000000000000e+01 2.500000000000000000e+01 -7.997576813069999790e-01 7.999187548599999698e-01 3.754782772024438321e-04 2.389546767870069600e-04
2.500000000000000000e+01 2.500000000000000000e+01 -7.997063446430000555e-01 7.999535131189999815e-01 5.687689813673250635e-04 2.892230539070682273e-04
2.500000000000000000e+01 2.500000000000000000e+01 -8.996859555889999971e-01 8.997882560600000135e-01 2.043051080259413582e-04 1.945102197191766699e-04
2.500000000000000000e+01 2.500000000000000000e+01 5.066663949859999683e-01 2.880209923240000247e-01 6.232662351683657164e-04 5.170239442454479173e-04
2.500000000000000000e+01 2.500000000000000000e+01 5.998717011230000340e-01 -4.000603727429999923e-01 7.454482067846693663e-04 4.313278782602586394e-04
2.500000000000000000e+01 2.500000000000000000e+01 5.998575909769999770e-01 3.998879316010000018e-01 4.983265714250882357e-04 4.575692683194169334e-04
2.500000000000000000e+01 2.500000000000000000e+01 -6.004197151340000538e-01 -3.999915672209999884e-01 3.387772421963168340e-04 1.443000382170156904e-03
2.500000000000000000e+01 2.500000000000000000e+01 -6.004457386099999461e-01 3.999466557510000242e-01 5.358739835543104490e-04 2.785628323275661836e-04
2.500000000000000000e+01 2.500000000000000000e+01 -5.999577113999999822e-01 6.124767867750000039e-06 1.933195490678663790e-04 4.200317187959737146e-04
2.500000000000000000e+01 2.500000000000000000e+01 -5.999680382850000049e-01 -1.025738258430000019e-05 3.127025442457220458e-04 4.626086903506893065e-04
2.500000000000000000e+01 2.500000000000000000e+01 5.999800173249999480e-01 3.032176492770000189e-06 1.979760961160990105e-04 1.198417851062197348e-04
2.500000000000000000e+01 2.500000000000000000e+01 -6.249655354199999957e-01 -2.500145780290000119e-01 2.351559631923583313e-04 9.695810697050926763e-04
2.500000000000000000e+01 2.500000000000000000e+01 5.999645977559999732e-01 6.889101727139999986e-06 4.816797874281745790e-04 3.352305418745960301e-04
2.500000000000000000e+01 2.500000000000000000e+01 -6.249430948890000170e-01 -2.499915999769999897e-01 1.555235706308418355e-04 1.107516349459612736e-03
2.500000000000000000e+01 2.500000000000000000e+01 -6.003951976979999827e-01 1.878580768899999919e-05 3.963251622389884089e-04 5.395341673868475890e-04
2.500000000000000000e+01 2.500000000000000000e+01 6.499600867920000136e-01 2.499988820419999924e-01 1.668026786493088075e-04 1.492123547105430226e-04
2.500000000000000000e+01 2.500000000000000000e+01 6.499608888560000075e-01 2.500128337179999827e-01 4.280678526538011543e-04 3.661838213770408326e-04
2.500000000000000000e+01 2.500000000000000000e+01 7.791431043609999829e-01 5.336712391340000528e-01 1.046046939514475461e-03 1.026814772900519436e-03
2.500000000000000000e+01 2.500000000000000000e+01 7.526850864699999866e-01 8.798063783640000524e-02 4.065318286491861216e-04 3.381217959653695540e-04
2.500000000000000000e+01 2.500000000000000000e+01 -2.999536151630000091e-01 1.651754974630000125e-07 9.274898915882220712e-04 4.939190058592036374e-04
2.500000000000000000e+01 2.500000000000000000e+01 -7.545501312169999863e-01 3.428719502370000116e-01 6.450610932432808767e-04 3.346591851321714835e-04
2.500000000000000000e+01 2.500000000000000000e+01 -7.685828264080000194e-01 -1.997108129450000102e-01 2.672905037011797215e-04 1.527556324214051665e-03
2.500000000000000000e+01 2.500000000000000000e+01 8.997979394780000195e-01 5.000410252700000502e-01 1.165835526630525261e-03 1.150315999550239731e-03
2.500000000000000000e+01 2.500000000000000000e+01 -8.996909150399999833e-01 -4.999679160889999863e-01 3.247645507428155117e-04 3.063430207352729404e-03
2.500000000000000000e+01 2.500000000000000000e+01 -8.996559448809999804e-01 8.138512916279999379e-06 2.093582522024307435e-04 1.220835737716515672e-03
2.500000000000000000e+01 2.500000000000000000e+01 -8.997292950059999628e-01 -5.000033480359999949e-01 3.119310997551608296e-04 3.180859078392894463e-03
2.500000000000000000e+01 2.500000000000000000e+01 8.997361262199999876e-01 7.730337517870000200e-06 3.274539907713591713e-04 2.962802103836647020e-04
2.500000000000000000e+01 2.500000000000000000e+01 -8.996973232710000490e-01 -8.800180216919999178e-06 1.647706323417068655e-04 1.330857521501965270e-03
2.500000000000000000e+01 2.500000000000000000e+01 8.998052530839999452e-01 5.000164934099999847e-01 6.319239371392891850e-04 6.334961320635395686e-04
2.500000000000000000e+01 2.500000000000000000e+01 8.997932739399999713e-01 2.115734086679999856e-06 1.324716417815396952e-04 1.462730086824681969e-04
2.500000000000000000e+01 2.500000000000000000e+01 -4.995019999990000237e-01 1.405546293230000080e-07 7.153215136456272157e-04 3.835963205619648763e-04
2.500000000000000000e+01 2.500000000000000000e+01 4.995079999979999963e-01 1.033351902260000035e-07 1.340801579242002425e-03 1.011157085919782948e-03
2.512437810945273853e+01 2.487562189054726502e+01 2.499684907349999929e-01 4.999634724670000141e-01 5.151537872265053025e-04 3.965566765755995302e-04
2.539370078740157410e+01 2.460629921259842590e+01 2.232413898060000013e-01 -7.837427926729999550e-01 4.078835644676157674e-04 5.380137034617655644e-04
2.542997542997542482e+01 2.457002457002456808e+01 -2.281406547719999900e-01 -2.364946254799999825e-03 8.957378989690405581e-04 3.603938208696669211e-04
2.596153846153845990e+01 2.403846153846153655e+01 -1.378205918509999906e-04 6.865247412710000496e-01 1.280494243457934445e-03 1.041184073477900316e-03
2.629208155523945223e+01 2.370791844476055132e+01 -1.367475591060000051e-01 4.346291278639999867e-01 1.455244094791872120e-03 9.286300515308032293e-04
2.651479567872240750e+01 2.348520432127759605e+01 -5.579460362460000010e-03 7.418196641500000021e-01 1.613854018249693059e-03 1.339105239170854719e-03
2.671169073125290794e+01 2.328830926874708496e+01 -1.052368148499999989e-01 -9.133555493110000548e-03 7.779520737293525333e-04 3.448371949699477034e-04
2.675499767549977292e+01 2.324500232450023418e+01 7.101618156719999853e-01 -6.716962219140000245e-01 3.149635993870466416e-04 6.705199466351351428e-04
2.683039851714550394e+01 2.316960148285449606e+01 7.997367543829999592e-01 2.846203660040000014e-02 4.468316339552349517e-04 5.483687600730600790e-04
2.701149425287356465e+01 2.298850574712643891e+01 -8.276900990669999736e-01 7.341064502649999879e-01 2.602902953639211255e-03 1.573678340993155816e-03
2.712717291857273594e+01 2.287282708142726406e+01 4.199424179049999761e-01 3.800194116689999957e-01 6.808554538172204148e-04 5.568051202873171681e-04
2.725204731574158146e+01 2.274795268425841854e+01 -2.073467131889999981e-01 -4.695490688060000029e-01 2.528138050217165040e-04 6.041276209932845568e-04
2.729336966394187058e+01 2.270663033605812942e+01 -5.041904241950000040e-05 8.543808258159999629e-05 6.095770303460234726e-04 2.492567770873699295e-04
2.730367680435769273e+01 2.269632319564230372e+01 3.901503086809999798e-01 -4.798752586780000162e-01 1.324498297557774118e-04 3.377775221610255065e-04
2.744700045105999209e+01 2.255299954894000791e+01 3.801534890280000023e-01 -5.198770520650000115e-01 1.542758671540984689e-04 2.520078517060007038e-04
2.745716862037872019e+01 2.254283137962127981e+01 3.308389682810000121e-01 -4.381549435370000189e-01 1.534025336943879920e-04 3.008574154781525024e-04
2.747747747747748193e+01 2.252252252252252518e+01 3.300108021989999751e-01 -4.398719707539999746e-01 2.307515842879953062e-04 1.978828175257410602e-04
2.748761819000450402e+01 2.251238180999549598e+01 1.456093806229999908e-04 9.705916191250000245e-05 1.201456639525785462e-03 6.820456631948823047e-04
2.748761819000450402e+01 2.251238180999549598e+01 3.299765800460000009e-01 -4.399483252199999916e-01 1.872956589504028982e-04 2.330684301166346495e-04
2.755834829443447376e+01 2.244165170556553335e+01 3.100722606940000126e-01 -4.599189257979999779e-01 1.997838539317908736e-04 1.635838900791359608e-04
2.755834829443447376e+01 2.244165170556553335e+01 3.199719509939999984e-01 -5.798491497890000401e-01 2.413590398535760237e-04 2.680473060393483132e-04
2.773820124666072928e+01 2.226179875333927072e+01 4.119285770930000146e-01 7.592725866039999882e-01 1.962537956036271725e-03 1.842994670761952418e-03
2.777777777777777857e+01 2.222222222222222143e+01 6.000733020490000014e-01 -7.997787277550000296e-01 5.966174885356388333e-04 1.231184495213533559e-03
2.777777777777777857e+01 2.222222222222222143e+01 1.519196296019999909e-04 7.999924693759999927e-01 3.736337185128901957e-03 3.284978543484590261e-03
2.777777777777777857e+01 2.222222222222222143e+01 -6.003435761119999547e-01 -7.997057740720000529e-01 3.267989624765704998e-04 2.671189438121189096e-03
2.777777777777777857e+01 2.222222222222222143e+01 -2.000292637509999971e-01 7.999990647589999559e-01 4.486587410031437836e-03 3.745067900976144747e-03
2.777777777777777857e+01 2.222222222222222143e+01 -4.001652245010000053e-01 7.999551508290000390e-01 4.556728083712414945e-03 3.504136206368200449e-03
2.777777777777777857e+01 2.222222222222222143e+01 4.001392853810000205e-01 8.000058397199999449e-01 2.497713058090406113e-03 2.362590771556828326e-03
2.777777777777777857e+01 2.222222222222222143e+01 -6.003089989509999835e-01 7.999113370649999499e-01 5.191550758136648583e-03 3.768558235633494465e-03
2.777777777777777857e+01 2.222222222222222143e+01 1.998373820100000087e-01 -7.998505506780000385e-01 1.380857805481987787e-04 5.981205841176729038e-04
2.777777777777777857e+01 2.222222222222222143e+01 -2.003117947270000032e-01 -7.998515156890000366e-01 2.458151697772649230e-04 1.689842442711606951e-03
2.777777777777777857e+01 2.222222222222222143e+01 -1.490247914560000097e-04 -7.998408101749999721e-01 1.476373975711643271e-04 1.000006937999060701e-03
2.777777777777777857e+01 2.222222222222222143e+01 3.801237420529999800e-01 -4.599448177189999765e-01 1.597849521892889780e-04 4.864633092853620452e-04
2.777777777777777857e+01 2.222222222222222143e+01 1.050677091899999949e-04 3.999887260550000212e-01 2.381248353230265655e-03 1.755661710184919493e-03
2.777777777777777857e+01 2.222222222222222143e+01 -2.508309785589999874e-05 -4.000964246350000031e-01 2.974907144942414133e-04 2.616975056544427677e-04
2.777777777777777857e+01 2.222222222222222143e+01 -1.365134169199999875e-04 -2.545359741109999875e-05 1.578266765960272032e-03 8.939660336591396562e-04
2.777777777777777857e+01 2.222222222222222143e+01 -8.003802320980000218e-01 -3.999124852229999916e-01 3.547145077541963331e-04 2.186188588059353316e-03
2.777777777777777857e+01 2.222222222222222143e+01 -1.923605210250000079e-04 -2.283158529469999883e-04 1.721188776081305572e-03 1.054802765930069235e-03
2.777777777777777857e+01 2.222222222222222143e+01 -8.004026210969999999e-01 4.000020690569999759e-01 2.012758132677692092e-03 9.812346020813881003e-04
2.777777777777777857e+01 2.222222222222222143e+01 7.997626771539999568e-01 -3.999530508860000277e-01 1.605061976373474983e-03 2.000217642794751335e-03
2.777777777777777857e+01 2.222222222222222143e+01 7.997475895750000285e-01 4.000131914039999903e-01 7.652439970150747527e-04 8.151272983975194932e-04
2.782705099778270252e+01 2.217294900221729748e+01 -7.997437617849999514e-01 5.117909290309999859e-01 2.318684202471942533e-03 1.183430023742617103e-03
2.799295774647887214e+01 2.200704225352112431e+01 3.200130160369999976e-01 -5.600178497650000198e-01 1.557904710158807286e-04 3.415574876466389805e-04
2.806055287406757159e+01 2.193944712593242841e+01 2.928274877170000123e-01 -7.407304063750000389e-02 3.885422317363933340e-04 2.109085529647143490e-04
2.808939526730937430e+01 2.191060473269062214e+01 7.237340298879999523e-01 -7.997462249929999656e-01 1.559909990889434255e-03 2.249937151107377943e-03
2.809899255365746384e+01 2.190100744634253260e+01 9.673975392950000252e-03 7.997655638609999507e-01 4.427011069444659018e-03 3.921343329457195777e-03
2.835497835497835339e+01 2.164502164502164305e+01 9.612088028680000340e-01 -8.991078595470000101e-01 6.352597049686842939e-03 7.275661009581723543e-03
2.850386930352536297e+01 2.149613069647463348e+01 -9.494608235790000239e-02 5.544797818500000197e-01 3.819503239631968916e-03 2.992837067870744976e-03
2.854077253218883925e+01 2.145922746781115720e+01 -7.752100265279999736e-01 -7.995908523510000254e-01 3.717888788921495545e-04 3.142359998682381968e-03
2.904442581726739192e+01 2.095557418273260453e+01 -5.812950943900000444e-01 7.999118314990000256e-01 7.843701992929516184e-03 5.874960086879487363e-03
2.915798249270529396e+01 2.084201750729470604e+01 -7.109300822249999818e-01 2.204271920199999957e-01 2.147385067805157675e-03 9.607291168410967037e-04
2.925311203319501985e+01 2.074688796680497660e+01 5.000035622020000403e-01 3.999986843780000134e-01 2.788839132897612540e-05 1.448561169903263995e-04
2.959183673469387443e+01 2.040816326530612201e+01 6.977634043539999720e-01 7.876683627910000540e-01 2.548256625060830397e-03 2.498393755459975621e-03
2.972424979724249283e+01 2.027575020275750006e+01 2.775080175290000131e-02 -1.008361957090000011e-01 1.235209337439528493e-03 6.185172792800375328e-04
3.000000000000000000e+01 2.000000000000000000e+01 9.498934784550000510e-01 9.493032747859999620e-01 4.105131603950008638e-03 4.091201555370307941e-03
3.000000000000000000e+01 2.000000000000000000e+01 -2.001410455640000030e-01 -7.996171535899999627e-01 1.655161098544005792e-04 1.301889093296496264e-03
3.000000000000000000e+01 2.000000000000000000e+01 -2.401413937249999875e-05 -7.996263649170000098e-01 2.393766488550650210e-04 1.387916066210235968e-03
3.000000000000000000e+01 2.000000000000000000e+01 3.998928046570000006e-01 -7.996426827749999466e-01 1.146981969311326125e-03 2.113479245262261594e-03
3.000000000000000000e+01 2.000000000000000000e+01 -1.637354726979999952e-04 7.997162667080000009e-01 9.139482924275719317e-03 8.164718567244868760e-03
3.000000000000000000e+01 2.000000000000000000e+01 5.998664350989999505e-01 -7.996261306220000531e-01 3.721044844636746569e-03 4.819981473666153267e-03
3.000000000000000000e+01 2.000000000000000000e+01 -2.003190962280000098e-01 7.997292597289999971e-01 1.048477246065787627e-02 8.957862744912125502e-03
3.000000000000000000e+01 2.000000000000000000e+01 -4.995169999999999888e-01 4.994649999990000144e-01 6.377823767852389657e-03 4.227040496640983164e-03
3.000000000000000000e+01 2.000000000000000000e+01 4.995229999979999835e-01 -4.994590000010000197e-01 2.093142552909811344e-03 2.841028179292883708e-03
3.000000000000000000e+01 2.000000000000000000e+01 5.996840991320000480e-01 7.998884469229999850e-01 3.670923018138707097e-03 3.575302878795488890e-03
3.000000000000000000e+01 2.000000000000000000e+01 8.000762719899999764e-01 -1.063640986020000052e-04 5.013123710794795823e-03 5.314668453348915522e-03
3.000000000000000000e+01 2.000000000000000000e+01 1.473471135339999991e-07 2.367654146610000101e-07 1.462770992752870751e-03 8.019700109888807521e-04
3.000000000000000000e+01 2.000000000000000000e+01 8.644276451139999930e-08 1.553638890979999998e-07 1.452776560299309577e-03 7.684707203707678586e-04
3.000000000000000000e+01 2.000000000000000000e+01 3.190138300559999845e-05 9.782563210769999686e-05 1.305972965786307994e-03 7.190859886511895109e-04
3.000000000000000000e+01 2.000000000000000000e+01 -8.004777353669999540e-01 -3.998573173409999959e-01 4.258469134516134637e-04 1.885563338257977657e-03
3.000000000000000000e+01 2.000000000000000000e+01 4.999859547480000055e-01 5.000057686369999699e-01 3.267003566121428097e-05 1.277167487931782277e-04
3.000000000000000000e+01 2.000000000000000000e+01 -7.892248635749999665e-05 4.001442992409999788e-01 4.190715335114667157e-03 3.222742634085421984e-03
3.000000000000000000e+01 2.000000000000000000e+01 7.997313324770000120e-01 -4.000429857259999999e-01 8.047537351504296596e-03 8.716422255886738593e-03
3.000799680127948932e+01 1.999200319872051423e+01 -4.995239999989999902e-01 1.337030954889999986e-07 1.370876456499847077e-03 4.775513544782817384e-04
3.000799680127948932e+01 1.999200319872051423e+01 -4.995200000019999753e-01 2.169143462399999999e-07 1.563388362142026627e-03 5.760179727449866224e-04
3.000799680127948932e+01 1.999200319872051423e+01 4.995240000010000014e-01 2.350416571420000124e-07 1.286474065941491812e-04 2.207160471987408253e-04
3.000799680127948932e+01 1.999200319872051423e+01 -4.995149999999999868e-01 2.971558511270000235e-07 9.317283040556970097e-04 3.222686949100160981e-04
3.000799680127948932e+01 1.999200319872051423e+01 4.995129060149999800e-01 4.110852654130000168e-07 1.298006190283402899e-04 2.337358583812398645e-04
3.014297061159651037e+01 1.985702938840349674e+01 3.192515232869999777e-05 -8.569149005759999925e-05 1.074476335189297749e-03 5.081082546989434219e-04
3.015085351329892305e+01 1.984914648670106985e+01 -7.286286907050000261e-01 -7.893011385179999895e-01 4.836477793898327554e-04 2.065014429132889812e-03
3.019017432646592880e+01 1.980982567353407120e+01 1.017291429060000058e-02 7.367464390610000136e-01 9.440164717357488536e-03 8.402005149598237160e-03
3.037676609105180603e+01 1.962323390894819397e+01 -7.998424837249999975e-01 -3.096083322739999755e-01 6.012075721436093778e-04 1.567984239662091519e-03
3.039215686274510020e+01 1.960784313725490335e+01 -5.569635371059999951e-01 -7.996058396730000295e-01 2.594495638122663807e-04 2.488602638476547155e-03
3.071731585036637213e+01 1.928268414963362787e+01 -3.275883399569999854e-01 7.471916069620000433e-01 6.808924629308812371e-01 6.840807954082186448e-01
3.098859315589353614e+01 1.901140684410646386e+01 4.000060796550000131e-01 -2.999835452030000238e-01 1.975979318045878135e-05 8.186054707107011299e-04
3.120300751879699064e+01 1.879699248120300581e+01 1.992962089870000120e-01 -6.964519730860000424e-01 4.013108762957733489e-04 1.112648509208414953e-03
3.153618906942392286e+01 1.846381093057607004e+01 -7.875639321120000425e-01 7.674687910420000536e-01 9.002576941796701371e-03 5.600620546524924873e-03
3.181818181818181657e+01 1.818181818181818343e+01 6.001904579900000369e-01 7.997458035460000003e-01 5.125414639454988104e-03 4.979794458307850932e-03
3.181818181818181657e+01 1.818181818181818343e+01 1.403383383250000113e-04 -7.996046213059999630e-01 2.150443786309722612e-04 1.098868077160789717e-03
3.181818181818181657e+01 1.818181818181818343e+01 6.001351293309999946e-01 -7.995944018320000346e-01 9.393788515034830894e-03 1.074625106532384883e-02
3.181818181818181657e+01 1.818181818181818343e+01 2.001200989549999920e-01 -7.995963401150000260e-01 8.298136343267940992e-04 1.837545117666254234e-03
3.181818181818181657e+01 1.818181818181818343e+01 4.000699746449999927e-01 7.998801709680000149e-01 8.644671799825238631e-03 8.246474112807471862e-03
3.181818181818181657e+01 1.818181818181818343e+01 -6.003340585599999946e-01 7.997503175290000543e-01 1.341807598933081498e-02 9.845928341059842145e-03
3.181818181818181657e+01 1.818181818181818343e+01 -4.002151108029999849e-01 -7.996974714119999827e-01 1.846108634450707687e-04 1.518138387780287521e-03
3.181818181818181657e+01 1.818181818181818343e+01 1.999504519199999941e-01 7.999468256009999445e-01 1.225086210403975896e-02 1.140382316210313517e-02
3.181818181818181657e+01 1.818181818181818343e+01 -6.003380078140000409e-01 -7.996910594160000496e-01 2.965308043931453902e-04 2.030865387523148741e-03
3.181818181818181657e+01 1.818181818181818343e+01 2.018700333869999960e-04 3.998432286049999895e-01 6.783679189236808439e-03 5.474215936562628823e-03
3.181818181818181657e+01 1.818181818181818343e+01 -2.002723863210000010e-01 7.999471735440000231e-01 1.700310702097861115e-02 1.477125976877006683e-02
3.181818181818181657e+01 1.818181818181818343e+01 -1.707549614290000098e-04 7.999516352569999711e-01 1.508865601616900601e-02 1.359440065339960653e-02
3.181818181818181657e+01 1.818181818181818343e+01 -8.004425973309999831e-01 3.999800643590000204e-01 4.124938613593275016e-03 1.877956565641557534e-03
3.181818181818181657e+01 1.818181818181818343e+01 -7.610169364790000523e-05 -3.999931704129999765e-01 3.987776325422577833e-04 1.705080530399572067e-04
3.181818181818181657e+01 1.818181818181818343e+01 -8.006226556979999520e-01 -3.999705486730000259e-01 7.180383745222100643e-04 1.437793920345661587e-03
3.181818181818181657e+01 1.818181818181818343e+01 7.999263191340000301e-01 -3.999723888269999805e-01 1.872836507171920031e-02 1.953273086476790127e-02
3.181818181818181657e+01 1.818181818181818343e+01 7.996324849839999693e-01 4.000963897129999891e-01 2.863195751169662299e-03 2.967486573862409497e-03
3.198847262247838685e+01 1.801152737752161670e+01 3.322844920259999946e-02 2.887641492840000157e-01 4.647898850220938925e-03 3.591113729833670873e-03
3.201438848920862767e+01 1.798561151079136522e+01 -3.999723213849999959e-01 -3.999633931920000274e-01 1.177371456857217205e-04 2.495109320714826353e-03
3.205956225331897969e+01 1.794043774668102031e+01 9.059663478200000349e-04 -7.904572970909999885e-01 1.852347382418028082e-04 1.012849412532283201e-03
3.233215547703180448e+01 1.766784452296819907e+01 -4.999673178729999723e-01 4.000074280099999990e-01 1.988879262491987006e-04 1.080678334412235597e-03
3.234463276836158485e+01 1.765536723163841870e+01 -1.500206523429999887e-04 1.264186270880000114e-04 2.201134755577519812e-03 1.302791514241948261e-03
3.246229393195370250e+01 1.753770606804630106e+01 7.998813193299999513e-01 6.690031415849999608e-01 9.593028657402384888e-04 9.617081912147197598e-04
3.274076630997583237e+01 1.725923369002416052e+01 6.988488333640000549e-01 -7.996662250599999577e-01 2.200069044951453306e-02 2.349643064094268305e-02
3.292932741550016829e+01 1.707067258449982816e+01 1.541840871809999937e-02 -7.813439977410000514e-01 3.184214416967974569e-04 1.377023660948585365e-03
3.304510003390980444e+01 1.695489996609020267e+01 8.523992366970000595e-03 5.438553850159999481e-01 1.169426161812610679e-02 1.006979821027433573e-02
3.318197107299025106e+01 1.681802892700975605e+01 7.998079740710000163e-01 1.262746886099999910e-01 1.178986291665224014e-02 1.207377323733697765e-02
3.322710499832271580e+01 1.677289500167729130e+01 2.457853225889999882e-01 7.873645439790000200e-02 1.360882139576115313e-03 9.008739490979533922e-04
3.329993319973280563e+01 1.670006680026720147e+01 -2.102364588020000022e-02 -1.343666720870000109e-01 1.821413880659258216e-03 9.235627218648648174e-04
3.332777592530843691e+01 1.667222407469156309e+01 -3.713152716129999864e-01 8.496592888080000128e-01 1.961625437734716704e-02 1.601731821145189680e-02
3.332777592530843691e+01 1.667222407469156309e+01 3.714585909199999980e-01 -8.494398936970000147e-01 5.223674604343709824e-03 6.888636546420473170e-03
3.333333333333333570e+01 1.666666666666666785e+01 -3.713953705899999957e-01 8.497218092960000524e-01 2.050924087668499346e-02 1.686902826499901697e-02
3.333333333333333570e+01 1.666666666666666785e+01 1.286738341470000102e-01 8.496702540839999873e-01 1.828640389767532265e-02 1.694429567170979006e-02
3.333333333333333570e+01 1.666666666666666785e+01 3.714715546199999774e-01 -8.495951245880000169e-01 4.328713151407996042e-03 5.868668852280853158e-03
3.333333333333333570e+01 1.666666666666666785e+01 1.286276644719999973e-01 8.496348921270000520e-01 2.022289437618790542e-02 1.874154743553419281e-02
3.333333333333333570e+01 1.666666666666666785e+01 2.159748930510000016e-04 7.995477725349999787e-01 2.184148904114615458e-02 1.985654377878488808e-02
3.333333333333333570e+01 1.666666666666666785e+01 -1.286872136649999943e-01 -8.496037747450000399e-01 1.561707321125093599e-04 1.370698315518107139e-03
3.333333333333333570e+01 1.666666666666666785e+01 -1.287170852610000082e-01 -8.495389662000000230e-01 1.699167133451772436e-04 1.414256894913906238e-03
3.333333333333333570e+01 1.666666666666666785e+01 8.712584764359999623e-01 -8.494863998889999879e-01 6.335846477531650867e-02 6.483651794355009546e-02
3.333333333333333570e+01 1.666666666666666785e+01 1.999889494950000124e-01 4.000760925579999738e-01 5.884843283420797960e-03 4.991309103395328954e-03
3.333333333333333570e+01 1.666666666666666785e+01 8.000858346329999815e-01 7.998764877080000169e-01 2.587201747878436174e-03 2.558593873839251891e-03
3.333333333333333570e+01 1.666666666666666785e+01 3.401554741329999767e-05 -1.055611802950000001e-04 2.498981514323825228e-03 1.439813906705637728e-03
3.333333333333333570e+01 1.666666666666666785e+01 6.000708824470000202e-01 -8.342799368430000402e-05 3.102215883225867624e-03 3.456946187539111214e-03
3.333333333333333570e+01 1.666666666666666785e+01 -8.712787611219999784e-01 8.496909796989999819e-01 9.256936967561746332e-03 5.114296696529334156e-03
3.333333333333333570e+01 1.666666666666666785e+01 -8.498718839140000370e-01 -8.496088285989999989e-01 1.498116465198353437e-03 1.150554622104268954e-03
3.333333333333333570e+01 1.666666666666666785e+01 -1.236232320389999990e-04 -7.995937484559999531e-01 2.005377676925689196e-04 1.051540048377671991e-03
3.333333333333333570e+01 1.666666666666666785e+01 -8.558754052799999630e-05 4.000231680649999899e-01 9.559764551787263559e-03 7.895544712210227425e-03
3.333333333333333570e+01 1.666666666666666785e+01 -6.903515224630000461e-05 -3.999148176169999847e-01 4.835805225765106032e-04 1.258999651275387961e-04
3.333333333333333570e+01 1.666666666666666785e+01 -4.004342750029999953e-01 -3.999275210589999796e-01 1.031024646811736075e-03 3.047754974280977576e-04
3.333333333333333570e+01 1.666666666666666785e+01 8.498453420389999735e-01 8.497698472700000449e-01 1.152069266386514116e-03 1.141354815586058781e-03
3.333333333333333570e+01 1.666666666666666785e+01 -8.712216108639999623e-01 8.496749363740000449e-01 1.041506279374814284e-02 6.125810249628915391e-03
3.333333333333333570e+01 1.666666666666666785e+01 -2.002425861319999945e-01 3.999648014509999960e-01 1.053003088365840959e-02 7.996271055661094765e-03
3.333333333333333570e+01 1.666666666666666785e+01 -8.498807694959999992e-01 -8.496347910560000383e-01 1.587006083813404748e-03 1.175591671999915268e-03
3.333333333333333570e+01 1.666666666666666785e+01 -8.006168648289999634e-01 -7.996460106130000023e-01 1.092427829032979400e-03 1.638568919586160877e-03
3.333333333333333570e+01 1.666666666666666785e+01 -8.005152763689999951e-01 7.997396934079999964e-01 1.227054655082809344e-02 7.587185043532191503e-03
3.333333333333333570e+01 1.666666666666666785e+01 6.000731910300000083e-01 -5.998511417940000090e-01 1.278378129079513030e-02 1.397993571093351928e-02
3.333333333333333570e+01 1.666666666666666785e+01 1.458177389709999956e-04 5.998039646709999451e-01 1.363885185339885897e-02 1.184869742660801806e-02
3.333333333333333570e+01 1.666666666666666785e+01 4.000426052750000183e-01 3.999342658160000008e-01 2.357193367415192069e-03 2.065118289509061591e-03
3.333333333333333570e+01 1.666666666666666785e+01 8.712625327899999883e-01 -8.496449699939999656e-01 5.513844714259208413e-02 5.665886727816576290e-02
3.333333333333333570e+01 1.666666666666666785e+01 8.498735922710000112e-01 8.498224409660000145e-01 2.712956567546744718e-03 2.689734882033395155e-03
3.333333333333333570e+01 1.666666666666666785e+01 1.928594366519999980e-07 -2.999388873130000022e-01 1.020516707791247878e-03 3.680979165975436975e-04
3.333333333333333570e+01 1.666666666666666785e+01 -6.000026658949999536e-01 -5.999043777179999815e-01 4.501605774676518891e-04 9.087373339219870227e-04
3.333333333333333570e+01 1.666666666666666785e+01 1.064666854529999937e-05 -2.999958220760000072e-01 6.346537383599441459e-04 1.836441065134635550e-04
3.333333333333333570e+01 1.666666666666666785e+01 1.998554511919999888e-01 9.419056225390000478e-05 1.286976654858219956e-03 7.989267769989657521e-04
3.333333333333333570e+01 1.666666666666666785e+01 -1.998116562370000071e-01 -1.391620197000000068e-04 3.439943819444680074e-03 1.526950157005252341e-03
3.333333333333333570e+01 1.666666666666666785e+01 6.862861351059999641e-05 -5.999683150150000310e-01 6.499923265222942357e-05 3.415134219216236643e-04
3.333333333333333570e+01 1.666666666666666785e+01 5.000502264430000121e-01 4.999457098230000174e-01 1.983280393592107282e-03 1.794338555364752806e-03
3.333333333333333570e+01 1.666666666666666785e+01 -3.000511073300000109e-01 -3.000041786679999989e-01 1.368166118948840665e-03 4.060206089293021017e-04
3.333333333333333570e+01 1.666666666666666785e+01 -3.000236441579999802e-01 1.388695139159999975e-05 3.427939082419307563e-03 1.664602139981694907e-03
3.333333333333333570e+01 1.666666666666666785e+01 3.000599173449999824e-01 -3.000512815240000131e-01 1.905015463120450384e-04 4.772664821739337087e-04
3.333333333333333570e+01 1.666666666666666785e+01 -3.000503876599999731e-01 3.000291589649999868e-01 7.789755898816671902e-03 5.208341557477559787e-03
3.333333333333333570e+01 1.666666666666666785e+01 2.999970075330000152e-01 -2.306328844880000095e-05 4.230765077274225368e-04 2.391028155843057546e-04
3.333333333333333570e+01 1.666666666666666785e+01 4.995374540779999872e-01 4.994520324939999978e-01 1.134092570704426381e-03 9.902358019792762908e-04
3.333333333333333570e+01 1.666666666666666785e+01 -2.345756324980000025e-05 5.999555261729999645e-01 1.249719460175588957e-02 1.075219895154834113e-02
3.333333333333333570e+01 1.666666666666666785e+01 -4.995373543309999942e-01 -4.994578696940000229e-01 8.008719564934665535e-04 5.381324254701973534e-04
3.333333333333333570e+01 1.666666666666666785e+01 -6.000366519530000442e-01 -5.998786757999999830e-01 4.123819297424926515e-04 9.487834599988052408e-04
3.333333333333333570e+01 1.666666666666666785e+01 6.000061216930000496e-01 5.997981082419999721e-01 1.785170255922753028e-03 1.684765126590763440e-03
3.333333333333333570e+01 1.666666666666666785e+01 4.001180241969999885e-01 -4.000656971529999995e-01 1.729250202633807621e-03 2.377275463980404752e-03
3.333333333333333570e+01 1.666666666666666785e+01 6.000215014440000161e-01 -5.999006740919999858e-01 1.453600121853886908e-02 1.579989517141237518e-02
3.333333333333333570e+01 1.666666666666666785e+01 5.999283489900000266e-01 5.999858482779999447e-01 9.333400163791329184e-04 8.607136151272443180e-04
3.333333333333333570e+01 1.666666666666666785e+01 -5.838165920719999840e-05 -5.998747211539999791e-01 6.400172416050227398e-05 5.411987942004075920e-04
3.333333333333333570e+01 1.666666666666666785e+01 -6.000255461510000110e-01 5.999100295220000101e-01 9.539479120511186114e-03 5.867985485125295879e-03
3.333333333333333570e+01 1.666666666666666785e+01 2.999637080579999893e-01 2.999420151869999773e-01 2.549154940097685985e-03 2.058792165321639452e-03
3.333333333333333570e+01 1.666666666666666785e+01 3.190792568890000205e-05 2.999400964260000024e-01 6.491795799388398215e-03 5.017633977745542158e-03
3.333333333333333570e+01 1.666666666666666785e+01 2.999635674950000275e-01 -2.999383982220000244e-01 1.145056447950929993e-04 3.695763758593491105e-04
3.333333333333333570e+01 1.666666666666666785e+01 -2.999621219510000270e-01 2.999427349259999875e-01 7.884987031660579959e-03 5.195168541166085042e-03
3.333333333333333570e+01 1.666666666666666785e+01 -2.999621755310000193e-01 -2.999399587359999897e-01 1.351924210154511422e-03 3.627584054037651627e-04
3.333333333333333570e+01 1.666666666666666785e+01 -5.999569611120000312e-01 5.999166580610000299e-01 9.642427394865531187e-03 6.010085707714383704e-03
3.333333333333333570e+01 1.666666666666666785e+01 2.001153183490000098e-01 -4.000787488670000114e-01 1.024564215223627329e-04 2.303293104415820918e-04
3.333333333333333570e+01 1.666666666666666785e+01 1.857490170029999922e-06 -9.302879100279999767e-06 2.200702357994778046e-03 1.244817248256238325e-03
3.333333333333333570e+01 1.666666666666666785e+01 6.000244884769999620e-01 -1.830185513060000058e-05 4.001075176100091745e-03 4.412139550359244107e-03
3.333333333333333570e+01 1.666666666666666785e+01 -5.000136271489999951e-01 -4.999851275569999753e-01 4.209466102547577558e-04 6.761861557011577574e-04
3.333333333333333570e+01 1.666666666666666785e+01 -5.999617255410000238e-01 -1.577543689720000152e-05 2.134218207352834348e-03 6.080713369785373723e-04
3.333333333333333570e+01 1.666666666666666785e+01 2.491311203009999815e-07 5.291964037579999663e-07 2.114905851300465708e-03 1.187742635784081293e-03
3.333333333333333570e+01 1.666666666666666785e+01 6.000068822040000027e-01 -7.855395343079999999e-05 3.096698762831837353e-03 3.457645305323542133e-03
3.333333333333333570e+01 1.666666666666666785e+01 -6.004630161949999767e-01 8.229887194499999840e-05 2.891861881508116846e-03 1.039069058271452437e-03
3.333333333333333570e+01 1.666666666666666785e+01 4.140842741299999920e-05 -3.248280402660000181e-06 2.726429167721829746e-03 1.671697435551558345e-03
3.333333333333333570e+01 1.666666666666666785e+01 6.000154701050000039e-01 -4.001530092660000038e-01 8.972540811129503177e-03 9.842683090318540481e-03
3.333333333333333570e+01 1.666666666666666785e+01 -6.004918291680000353e-01 -4.000757063009999781e-01 8.973907887771146678e-04 6.396174510379639072e-04
3.333333333333333570e+01 1.666666666666666785e+01 2.998509514600000148e-01 3.000466818879999886e-01 2.512564399038750076e-03 2.043111872042051649e-03
3.333333333333333570e+01 1.666666666666666785e+01 -2.001338504290000042e-01 -3.999637648770000276e-01 8.400957823657150859e-04 2.141003133416273030e-04
3.333333333333333570e+01 1.666666666666666785e+01 -6.667463609600000245e-05 1.114389525710000006e-05 2.554420242016576439e-03 1.525849098739305272e-03
3.333333333333333570e+01 1.666666666666666785e+01 -5.999324969599999502e-01 -2.029217950260000071e-05 2.371270573478998639e-03 7.870351134990404094e-04
3.333333333333333570e+01 1.666666666666666785e+01 -2.999621334679999918e-01 2.790713444329999886e-07 3.532878159704839777e-03 1.644623014676972316e-03
3.333333333333333570e+01 1.666666666666666785e+01 2.999635788639999912e-01 3.118092206789999941e-07 4.012892801990021159e-04 2.096082100386022229e-04
3.333333333333333570e+01 1.666666666666666785e+01 -7.015211106619999434e-05 5.465106384180000283e-06 2.440529343173455240e-03 1.448298466632053517e-03
3.333333333333333570e+01 1.666666666666666785e+01 -7.908133414980000366e-05 1.953733566259999928e-05 2.538851451792062484e-03 1.516879147205296837e-03
3.354180381830150992e+01 1.645819618169848653e+01 4.301629150069999907e-01 5.099432735200000177e-01 2.924956663010092398e-03 2.630844420451715349e-03
3.354180381830150992e+01 1.645819618169848653e+01 4.301403532440000177e-01 -5.100180971519999718e-01 3.568453625639266599e-03 4.519027487681836000e-03
3.441396508728179526e+01 1.558603491271820296e+01 -4.740953980479999941e-01 -3.891109060899999861e-01 1.232402782799189682e-03 4.683423157446498907e-04
3.452012383900928683e+01 1.547987616099071140e+01 -5.623840310500000106e-01 7.995542090139999836e-01 1.739779530918137557e-02 1.246763090571248629e-02
3.465787051242712380e+01 1.534212948757287620e+01 7.630957232720000372e-01 7.995680160050000485e-01 3.096253921773055653e-03 3.044934406484052589e-03
3.469543924089378351e+01 1.530456075910621472e+01 5.147556409039999448e-01 7.995100492159999961e-01 1.173031520908395658e-02 1.134707321921686780e-02
3.492159227985524694e+01 1.507840772014475306e+01 6.226177123509999973e-05 -4.155788186039999997e-05 2.997008120281696719e-03 1.804801182225458439e-03
3.496240601503759393e+01 1.503759398496240607e+01 -1.256158404709999954e-01 -3.633450743650000203e-01 1.120690810843363297e-03 4.554068156629774780e-04
3.508353221957040802e+01 1.491646778042959554e+01 8.001641138539999920e-01 -7.842924104539999997e-01 7.011949044040383106e-02 7.154333621018926781e-02
3.514557338086750349e+01 1.485442661913250184e+01 -7.997858912909999729e-01 -1.160026421700000032e-01 2.004462520475952959e-03 8.523746273767730721e-04
3.527679623085983707e+01 1.472320376914016471e+01 2.393083457050000085e-01 -4.727195945949999980e-04 1.171453088120900368e-03 7.620885641400746736e-04
3.552403011001737099e+01 1.447596988998262724e+01 -7.998315822589999735e-01 -7.335978210539999544e-01 1.986380297302347067e-03 1.013801845103460457e-03
3.571428571428571530e+01 1.428571428571428648e+01 9.372622366700000184e-08 2.477510851170000225e-07 3.527653058832731607e-03 2.148611952477543809e-03
3.574280011405760149e+01 1.425719988594240029e+01 -4.659168140440000168e-05 6.048686295849999749e-05 3.403099817539945605e-03 2.101245312658414199e-03
3.622968879096667649e+01 1.377031120903332528e+01 -7.999167097799999571e-01 5.107389370439999743e-01 6.244710792891237580e-03 2.235616486563769476e-03
3.712335822817409081e+01 1.287664177182590741e+01 -4.486830676199999868e-01 -7.995334189889999887e-01 4.488481100561681272e-04 7.826232636632516910e-04
3.718277364778261784e+01 1.281722635221738038e+01 -5.603371958220000337e-01 2.973795976429999821e-01 7.470666668523477834e-03 3.643325806799024499e-03
3.744664825508410644e+01 1.255335174491589179e+01 4.699395192260000242e-01 -3.599020560619999864e-01 7.104345727172514668e-03 8.066752164529128119e-03
3.748435544430537902e+01 1.251564455569461742e+01 7.449870827429999620e-01 6.966922196160000302e-01 1.473059873926730766e-03 1.437136645612294410e-03
3.749687421855464464e+01 1.250312578144536069e+01 2.313804300060000041e-01 -8.492514033789999583e-01 3.235938139304180006e-03 4.811732670854692966e-03
3.749687421855464464e+01 1.250312578144536069e+01 2.686896377229999744e-01 8.495254458550000054e-01 3.040380198303145598e-02 2.878332939508716770e-02
3.749687421855464464e+01 1.250312578144536069e+01 -7.312897740439999739e-01 8.495420667730000375e-01 9.425965978491011865e-03 4.505686712245463195e-03
3.749687421855464464e+01 1.250312578144536069e+01 -2.311999931940000030e-01 8.495637395909999556e-01 3.256909127612517968e-02 2.778500338664597127e-02
3.749687421855464464e+01 1.250312578144536069e+01 8.499878284849999854e-01 8.494778493200000336e-01 8.821802081993328692e-04 8.752111046464293052e-04
3.749687421855464464e+01 1.250312578144536069e+01 -7.313941801440000390e-01 8.495309719910000279e-01 1.106141111061954320e-02 5.793750848823774578e-03
3.749687421855464464e+01 1.250312578144536069e+01 -8.500250996739999731e-01 -8.493969848219999896e-01 5.400954761683926346e-03 9.002668098696069675e-04
3.749687421855464464e+01 1.250312578144536069e+01 2.313517892599999959e-01 -8.493819370630000254e-01 4.664657126078101956e-03 6.381952109659022078e-03
3.749687421855464464e+01 1.250312578144536069e+01 -2.687077481949999846e-01 -8.494659366560000091e-01 2.479493623110986243e-04 5.210799481329799268e-04
3.749687421855464464e+01 1.250312578144536069e+01 -2.313374700489999880e-01 8.496501539049999829e-01 2.966416097951058220e-02 2.484554076208449896e-02
3.749687421855464464e+01 1.250312578144536069e+01 7.313589013489999457e-01 -8.493011579370000064e-01 9.787339049046453465e-02 9.962586221091417060e-02
3.749687421855464464e+01 1.250312578144536069e+01 -2.687234519250000231e-01 -8.493209159469999880e-01 1.021498766165433936e-04 7.839036074756685832e-04
3.749687421855464464e+01 1.250312578144536069e+01 -1.443667434399999946e-05 -1.172522253539999955e-04 5.537740975175563761e-03 3.657185398016634705e-03
3.749687421855464464e+01 1.250312578144536069e+01 2.686914139559999914e-01 8.496546609199999711e-01 3.513266944230497568e-02 3.339011123951902277e-02
3.750000000000000000e+01 1.250000000000000000e+01 4.001183321569999896e-01 -5.998045077989999641e-01 7.055941505413600330e-03 8.350496433565831461e-03
3.750000000000000000e+01 1.250000000000000000e+01 -6.000075048980000325e-01 5.998746995810000371e-01 1.153336336672755764e-02 6.393658277477019640e-03
3.750000000000000000e+01 1.250000000000000000e+01 -6.000171056799999958e-01 5.998455122779999815e-01 9.448962967105305547e-03 4.878104657961256953e-03
3.750000000000000000e+01 1.250000000000000000e+01 -4.000393517120000020e-01 -5.998392742160000290e-01 4.889944830890540850e-04 2.268034269584760646e-04
3.750000000000000000e+01 1.250000000000000000e+01 -4.001313536459999987e-01 5.998602363949999683e-01 1.712040224469411204e-02 1.205394853716170236e-02
3.750000000000000000e+01 1.250000000000000000e+01 -6.000350493860000523e-01 -5.998336967559999566e-01 8.522543966489069594e-04 4.505753624221173160e-04
3.750000000000000000e+01 1.250000000000000000e+01 -2.999884514260000024e-01 -2.999287745870000133e-01 2.615042165216740610e-03 7.873613440676452370e-04
3.750000000000000000e+01 1.250000000000000000e+01 7.001490764300000169e-01 5.999051283980000315e-01 1.056378510959750817e-03 1.016601113009832184e-03
3.750000000000000000e+01 1.250000000000000000e+01 1.933287955859999925e-07 2.999311682549999913e-01 1.084378559995172707e-02 8.500937230646760448e-03
3.750000000000000000e+01 1.250000000000000000e+01 7.001456284860000379e-01 5.999090449030000105e-01 1.060644733375991355e-03 1.020249682834210598e-03
3.750000000000000000e+01 1.250000000000000000e+01 -4.995350000009999847e-01 -4.993550000010000267e-01 9.360753703605505759e-04 1.951875714591019221e-04
3.750000000000000000e+01 1.250000000000000000e+01 7.000348924429999897e-01 5.998807211359999947e-01 1.106043439337102852e-03 1.068797490245104514e-03
3.750000000000000000e+01 1.250000000000000000e+01 3.999709091690000218e-01 5.998782087649999761e-01 1.084073372175476009e-02 1.009830166986508751e-02
3.750000000000000000e+01 1.250000000000000000e+01 5.999624494880000380e-01 5.998786233889999986e-01 2.303063674547984902e-03 2.145972829241008222e-03
3.750000000000000000e+01 1.250000000000000000e+01 -4.999705887270000093e-01 -4.999922871799999946e-01 1.274319898815081276e-03 2.022775198484332633e-04
3.750000000000000000e+01 1.250000000000000000e+01 4.995439999999999880e-01 -4.993710000020000206e-01 1.544836495414515960e-02 1.677879745827828492e-02
3.750000000000000000e+01 1.250000000000000000e+01 4.995459999999999900e-01 4.993860000009999744e-01 2.862327087227069331e-03 2.590443654035295105e-03
3.750000000000000000e+01 1.250000000000000000e+01 6.197327565040000499e-05 5.998548729160000370e-01 2.216290727714708558e-02 1.918673588647422726e-02
3.750000000000000000e+01 1.250000000000000000e+01 4.995469099329999940e-01 4.993963542020000146e-01 2.799594817898880001e-03 2.520427782030050957e-03
3.750000000000000000e+01 1.250000000000000000e+01 -4.995437178589999805e-01 -4.994001435620000207e-01 9.891367357218630411e-04 3.686340795389414678e-04
3.750000000000000000e+01 1.250000000000000000e+01 3.999424011039999782e-01 5.999134386960000009e-01 1.324623127440745923e-02 1.243577756489604516e-02
3.750000000000000000e+01 1.250000000000000000e+01 4.000350943050000052e-01 -5.998103535900000116e-01 8.524049298500535610e-03 9.949043808205876652e-03
3.750000000000000000e+01 1.250000000000000000e+01 -5.999524822959999559e-01 -5.999153988469999588e-01 1.258105675824860081e-03 4.160431807593910174e-04
3.750000000000000000e+01 1.250000000000000000e+01 -6.998495979850000159e-01 -5.997116225909999709e-01 1.846141762993490365e-03 6.243528686021403021e-04
3.750000000000000000e+01 1.250000000000000000e+01 -2.978785239570000165e-05 -5.997990814700000506e-01 6.457182187533168252e-05 3.455929861875301650e-04
3.750000000000000000e+01 1.250000000000000000e+01 -4.000197969709999857e-01 5.999624157870000474e-01 1.519855839733949381e-02 1.050010016877152980e-02
3.750000000000000000e+01 1.250000000000000000e+01 6.000094374590000390e-01 -5.998061933620000286e-01 3.614428944766660129e-02 3.764440653633727152e-02
3.750000000000000000e+01 1.250000000000000000e+01 2.999474303799999908e-01 -3.000565069850000266e-01 3.342454405091745974e-04 6.869832871167837500e-04
3.750000000000000000e+01 1.250000000000000000e+01 6.000593110230000304e-01 -5.997330176270000424e-01 3.223453737636198385e-02 3.368753705826825484e-02
3.750000000000000000e+01 1.250000000000000000e+01 -6.998584476020000000e-01 -5.997142763130000054e-01 1.832215930106365076e-03 6.382391297279253143e-04
3.750000000000000000e+01 1.250000000000000000e+01 -6.998719153339999499e-01 -5.997245375519999477e-01 1.824324860502011874e-03 6.425735429526097543e-04
3.750000000000000000e+01 1.250000000000000000e+01 -6.998605915869999805e-01 -5.997264933479999893e-01 1.857144919203295320e-03 6.348944261513294988e-04
3.750000000000000000e+01 1.250000000000000000e+01 2.999663683450000118e-01 2.999306983460000020e-01 4.437435366631931402e-03 3.699232907457022067e-03
3.750000000000000000e+01 1.250000000000000000e+01 2.999661466119999953e-01 -2.999265391300000028e-01 5.889950232399808298e-04 1.040191805180022471e-03
3.750000000000000000e+01 1.250000000000000000e+01 -2.999649015799999985e-01 2.999318340100000091e-01 9.646588282419656449e-03 6.100667203029393366e-03
3.750000000000000000e+01 1.250000000000000000e+01 -2.999646168890000020e-01 -2.999284872429999749e-01 1.948996527903457208e-03 3.994269561392122187e-04
3.750000000000000000e+01 1.250000000000000000e+01 -3.999657989500000066e-01 -5.998510172080000480e-01 1.109147944447975553e-03 1.889870574373717245e-04
3.750000000000000000e+01 1.250000000000000000e+01 4.334540576680000147e-05 5.999853703299999896e-01 2.546118645242604131e-02 2.224331671757696569e-02
3.750000000000000000e+01 1.250000000000000000e+01 -7.349414790859999799e-05 -5.999481088850000532e-01 2.195916969415066409e-04 1.336392763128263646e-04
3.750000000000000000e+01 1.250000000000000000e+01 -1.105990457209999970e-05 1.781190309860000140e-05 4.376549206421821887e-03 2.860038331034234823e-03
3.750000000000000000e+01 1.250000000000000000e+01 -5.999539306450000220e-01 -4.884735555179999921e-05 2.733132989510994072e-03 5.142199963188975051e-04
3.750000000000000000e+01 1.250000000000000000e+01 -1.055303249879999927e-05 1.830570714540000104e-05 4.395688978938320189e-03 2.875852279955865703e-03
3.750000000000000000e+01 1.250000000000000000e+01 -5.999723029179999667e-01 3.999207233150000040e-01 6.495131938910081101e-03 2.678743311691669359e-03
3.750000000000000000e+01 1.250000000000000000e+01 6.000383218429999888e-01 3.999482794690000231e-01 2.793088429542751514e-04 3.131027937908480467e-04
3.750000000000000000e+01 1.250000000000000000e+01 2.422075468840000051e-06 -1.560175354150000026e-07 4.260964688303641411e-03 2.681764302755764579e-03
3.750000000000000000e+01 1.250000000000000000e+01 -6.000979824230000537e-01 3.999355816899999860e-01 8.037003437150967364e-03 3.751042684738116039e-03
3.750000000000000000e+01 1.250000000000000000e+01 5.132078018790000152e-07 6.501703563910000159e-07 4.147785488460450226e-03 2.583920015328735210e-03
3.750000000000000000e+01 1.250000000000000000e+01 -5.999589585929999691e-01 -4.000355007410000274e-01 1.158726259824434000e-03 2.875224765367990240e-04
3.750000000000000000e+01 1.250000000000000000e+01 -5.395941285820000255e-05 -3.000172899720000008e-01 1.433533091576675352e-03 5.975167353229695905e-04
3.750000000000000000e+01 1.250000000000000000e+01 5.999358354449999542e-01 -3.999670709450000028e-01 2.572410965266665878e-02 2.686286577969262263e-02
3.750000000000000000e+01 1.250000000000000000e+01 5.999134467829999595e-01 -5.397569651290000281e-06 8.251855315183092079e-03 8.765165822316170127e-03
3.750000000000000000e+01 1.250000000000000000e+01 2.999546478469999888e-01 -2.560790730060000074e-05 8.717177785530438004e-04 5.838380093152764584e-04
3.750000000000000000e+01 1.250000000000000000e+01 -6.000534873939999958e-01 -6.681617626689999366e-05 3.776499604278051210e-03 9.488977277485495521e-04
3.750000000000000000e+01 1.250000000000000000e+01 -4.048135293600000297e-06 3.000361378720000083e-01 1.367973015038418012e-02 1.108880060487930745e-02
3.750000000000000000e+01 1.250000000000000000e+01 5.999081662440000073e-01 6.000110340040000212e-01 3.493789348566978849e-03 3.300017645324304551e-03
3.750000000000000000e+01 1.250000000000000000e+01 -3.001082490549999982e-01 -6.641645564959999630e-05 5.295659120633118382e-03 2.679150880671389914e-03
3.750000000000000000e+01 1.250000000000000000e+01 6.000438823799999488e-01 -3.998661741030000161e-01 2.398817740214594096e-02 2.509752759765649863e-02
3.750000000000000000e+01 1.250000000000000000e+01 6.000495070710000212e-01 4.000902402429999949e-01 4.417214617199125828e-04 4.387162790853145564e-04
3.750000000000000000e+01 1.250000000000000000e+01 -2.998909273309999790e-01 3.000297866930000112e-01 1.123877356003992120e-02 7.523077311595352361e-03
3.750000000000000000e+01 1.250000000000000000e+01 2.236691985619999901e-06 5.412640624159999912e-06 8.719799003957400029e-04 1.304496709266253843e-04
3.750000000000000000e+01 1.250000000000000000e+01 -5.999689441290000369e-01 -3.999804741360000193e-01 1.701461829488042738e-03 3.142935853816770453e-04
3.750000000000000000e+01 1.250000000000000000e+01 4.999694036610000114e-01 5.000471074829999640e-01 4.947944515719058731e-03 4.592512716834538759e-03
3.750000000000000000e+01 1.250000000000000000e+01 3.000230091609999983e-01 3.000471857240000206e-01 5.936922475381728632e-03 5.059241269973645781e-03
3.750000000000000000e+01 1.250000000000000000e+01 5.999511341480000537e-01 6.348447975089999930e-06 6.818299801676116004e-03 7.259681634618231696e-03
3.750000000000000000e+01 1.250000000000000000e+01 -2.999648003859999856e-01 3.471001984619999943e-07 5.706603551655159250e-03 2.834434267962245967e-03
3.750000000000000000e+01 1.250000000000000000e+01 2.999662454400000011e-01 3.875290682639999838e-07 3.806266271633360868e-04 1.928504570633798182e-04
3.750312421894526693e+01 1.249687578105473840e+01 4.995429999989999814e-01 2.057257898499999987e-07 4.694941699352341881e-03 5.307981423838466738e-03
3.750312421894526693e+01 1.249687578105473840e+01 -4.995480000010000254e-01 2.065681018779999917e-07 3.191478550247360893e-03 6.994388521126195402e-04
3.750312421894526693e+01 1.249687578105473840e+01 4.995350000000000068e-01 1.012008798119999953e-06 2.080990463298584836e-03 2.461097025040375353e-03
3.750312421894526693e+01 1.249687578105473840e+01 4.995470000000000188e-01 4.565752620290000205e-07 2.836079245970761584e-03 3.285712888283398320e-03
3.750312421894526693e+01 1.249687578105473840e+01 -4.995229999990000169e-01 1.378346718039999923e-06 1.771795312382981047e-01 1.620066627581121799e-01
3.750312421894526693e+01 1.249687578105473840e+01 -4.995400000010000174e-01 5.567842518799999479e-07 3.352721871409968836e-03 8.688045293229793671e-04
3.778402150012215799e+01 1.221597849987784024e+01 3.526687907120000243e-01 -4.006831315150000128e-01 2.381096118293459744e-03 3.193018219792307343e-03
3.796340876263841579e+01 1.203659123736157888e+01 -7.998350904590000310e-01 7.765810523060000525e-01 8.625283464128937622e-03 3.589980725137063670e-03
3.798076923076922640e+01 1.201923076923076827e+01 7.398567103759999819e-01 7.996597535860000550e-01 5.064585760814424402e-03 4.962659676514751678e-03
3.799807969275083508e+01 1.200192030724915959e+01 5.606577018920000377e-01 -1.940850355260000104e-01 1.106288633252146270e-02 1.180954443124987603e-02
3.822143698468786965e+01 1.177856301531213212e+01 5.448519457899999585e-01 7.996615783660000476e-01 1.784323689949875863e-02 1.733838574778508515e-02
3.829588014981273147e+01 1.170411985018726497e+01 -5.029709943569999958e-05 -1.094557923590000049e-05 4.570692654581462282e-03 2.895626191370112134e-03
3.844464987289114788e+01 1.155535012710885212e+01 5.226290380360000265e-01 -4.482499752179999741e-01 1.728892721749288389e-02 1.853563466933481896e-02
3.880179171332586918e+01 1.119820828667413259e+01 2.998178965109999927e-01 -1.717243246369999921e-01 1.510429688125569203e-04 2.272215866584126841e-04
3.888394842152067810e+01 1.111605157847932368e+01 -5.862430451870000338e-05 -2.432959310470000024e-05 4.894960764829906288e-03 3.136956291503122194e-03
3.888888888888888573e+01 1.111111111111111072e+01 2.312743003829999892e-07 3.533224171389999822e-07 5.551915661846494425e-03 3.658667088508190356e-03
3.922645981469511156e+01 1.077354018530489199e+01 8.001383855970000125e-01 -4.265495283340000054e-01 1.225281881422810581e-01 1.234019128436531082e-01
3.941350836332839691e+01 1.058649163667160664e+01 4.272072868419999891e-01 -3.353251978420000029e-02 4.184642830356434355e-04 6.249116158359699141e-04
3.958983968353112459e+01 1.041016031646887363e+01 -6.329262007640000520e-02 7.994354786620000430e-01 4.162680831097084061e-02 3.695083631203815305e-02
3.999599839935974188e+01 1.000400160064025634e+01 -8.000530293619999567e-01 7.994545306060000245e-01 4.553976834604320061e-03 1.588766165888410567e-03
3.999799959991998577e+01 1.000200040008001423e+01 2.824710221009999850e-05 7.994442994670000191e-01 4.032203315984201480e-02 3.634895403662767588e-02
3.999799959991998577e+01 1.000200040008001423e+01 -4.000446981890000142e-01 -7.993041596000000082e-01 8.440816342696045010e-04 5.108507482757047207e-04
3.999799959991998577e+01 1.000200040008001423e+01 -4.001223755950000238e-01 7.995735086490000088e-01 1.865437824757408200e-02 1.321810923466292323e-02
3.999799959991998577e+01 1.000200040008001423e+01 -8.001490972729999873e-01 -7.993307164020000410e-01 6.785706312608365265e-03 1.637496721358426555e-03
3.999799959991998577e+01 1.000200040008001423e+01 4.000441080739999822e-01 -7.993757770339999791e-01 1.878392449417987109e-02 2.082973883615246713e-02
3.999799959991998577e+01 1.000200040008001423e+01 -1.166242199640000040e-04 -7.993903704620000106e-01 3.740310411338351997e-04 8.210287928638359059e-04
3.999799959991998577e+01 1.000200040008001423e+01 3.999374020629999915e-01 7.995022932490000178e-01 3.363431672227559094e-02 3.230238762880262293e-02
4.000000000000000000e+01 1.000000000000000000e+01 5.766504562779999781e-05 -8.544444818120000128e-05 6.854147606181148350e-03 4.701764118046267843e-03
4.000000000000000000e+01 1.000000000000000000e+01 -8.001041031140000426e-01 3.999947445429999915e-01 3.196700848272155879e-03 1.213288110975124139e-03
4.000000000000000000e+01 1.000000000000000000e+01 4.000655800419999908e-01 -6.579151177619999859e-05 2.060191464394041893e-04 2.452158270258187212e-04
4.000000000000000000e+01 1.000000000000000000e+01 4.000668991310000200e-01 4.999634560219999857e-01 1.034341245713379757e-02 9.529603425219943663e-03
4.000000000000000000e+01 1.000000000000000000e+01 -4.201975362869999855e-05 -4.000473640419999755e-01 7.178009909550970517e-04 2.596505028739775353e-04
4.000000000000000000e+01 1.000000000000000000e+01 8.815245860980000330e-05 3.999047963769999936e-01 1.946036073621454712e-02 1.618422184213751808e-02
4.000000000000000000e+01 1.000000000000000000e+01 -4.001579965950000095e-01 1.105515694179999977e-05 5.064846858346849778e-03 1.896681006675174841e-03
4.000000000000000000e+01 1.000000000000000000e+01 8.001396801419999871e-01 3.999557719330000261e-01 1.738253803686865689e-02 1.755837722702221007e-02
4.000000000000000000e+01 1.000000000000000000e+01 -4.000300018430000271e-01 -4.999861227469999947e-01 1.744139331716786220e-03 1.001125579223621521e-04
4.000000000000000000e+01 1.000000000000000000e+01 1.195259907079999968e-05 -1.505041341909999945e-05 5.279119765926855445e-03 3.427337034552177877e-03
4.000000000000000000e+01 1.000000000000000000e+01 -8.000840593750000451e-01 5.520619400010000105e-05 3.930515642486067697e-03 9.066830147269325972e-04
4.000000000000000000e+01 1.000000000000000000e+01 -7.999933644209999972e-01 -3.999485025010000028e-01 3.988699515897247729e-03 1.109875937681869618e-03
4.000199960007998357e+01 9.998000399920014658e+00 -5.626734662099999788e-05 3.310663440349999965e-05 5.605542707935888547e-03 3.692085853015374380e-03
4.011075949367089066e+01 9.889240506329114666e+00 3.134240052189999903e-01 -7.994112184749999628e-01 9.642009025166502559e-03 1.144414759857758333e-02
4.013222814288533868e+01 9.867771857114663092e+00 -2.835245313490000196e-01 -7.992192017170000051e-01 7.350595613766159123e-04 4.071562769706925725e-04
4.035865792518318784e+01 9.641342074816813934e+00 -8.001819620850000314e-01 -3.444434287989999732e-01 3.190009306191248731e-03 9.960344479809399125e-04
4.068380845910191823e+01 9.316191540898079992e+00 7.977442915879999763e-01 7.953970736269999620e-01 2.324010732194208093e-03 2.281880559817228617e-03
4.090743771594835465e+01 9.092562284051647126e+00 -3.105878047580000256e-05 1.181244632140000069e-05 5.226068260425519203e-03 3.387966905058729852e-03
4.090909090909090651e+01 9.090909090909091717e+00 2.095393546999999868e-07 2.929141544289999807e-07 5.487113586471102644e-03 3.596065165168008029e-03
4.118321283724210957e+01 8.816787162757890428e+00 -4.970061505780000166e-01 7.992911676809999477e-01 1.013705395019749711e-02 5.485743203055126922e-03
4.163599866175978548e+01 8.364001338240214523e+00 6.130953853410000542e-01 2.406200258710000095e-01 2.980865963482359510e-03 3.178541563779367814e-03
4.166666666666666430e+01 8.333333333333333925e+00 2.967928146609999908e-07 3.721231887180000212e-07 5.113566997889862700e-03 3.295527169877055917e-03
4.166666666666666430e+01 8.333333333333333925e+00 2.968399236840000045e-07 3.708357041360000181e-07 5.110985293281412357e-03 3.304349575094316181e-03
4.166666666666666430e+01 8.333333333333333925e+00 2.321590116540000096e-07 2.696477684209999775e-07 5.116636485625695834e-03 3.313863855594918490e-03
4.166666666666666430e+01 8.333333333333333925e+00 -8.998708707300000498e-01 -4.596711779120000031e-06 1.443603805828554999e-02 5.154552006856230606e-03
4.166666666666666430e+01 8.333333333333333925e+00 -8.999594789539999695e-01 -2.853133343990000021e-06 4.339327141252046112e-03 1.277475281197758793e-03
4.166944351882705888e+01 8.330556481172942895e+00 4.995499999999999940e-01 5.358822191709999717e-07 4.089401801026880563e-03 4.642050762187245605e-03
4.166944351882705888e+01 8.330556481172942895e+00 -4.995490000000000208e-01 5.589272676659999589e-07 1.657204313063956715e-03 1.220828416494161507e-04
4.172048352376221203e+01 8.279516476237787970e+00 8.798111798419999921e-06 -1.204372653329999958e-05 5.025249646465589255e-03 3.239457996796872314e-03
4.230769230769230660e+01 7.692307692307692513e+00 2.513340691149999738e-07 3.072477295889999993e-07 5.103464554191568768e-03 3.310112866007519639e-03
4.232658072437077834e+01 7.673419275629220770e+00 -8.001655420080000525e-01 -6.993409079010000085e-01 6.422610534547856104e-03 1.632963733887018510e-03
4.233363998773382519e+01 7.666360012266175694e+00 -3.702912205760000336e-05 -1.524203331880000047e-05 4.876270563915435438e-03 3.124850934936517725e-03
4.246761072612232368e+01 7.532389273877674540e+00 7.697544698179999978e-01 3.063339892970000089e-01 2.607144753820676494e-02 2.632300836390072049e-02
4.251609040562789943e+01 7.483909594372099683e+00 4.079244316239999946e-01 -7.371860791000000024e-01 2.596341241757545160e-02 2.804138957999666518e-02
4.268898961836526240e+01 7.311010381634741151e+00 6.575642623720000524e-01 7.925332576779999805e-01 1.756318904783793142e-02 1.719719024883860706e-02
4.271986022131625305e+01 7.280139778683750507e+00 1.257664913940000073e-01 7.996099838310000152e-01 4.752461268211525397e-02 4.394296079039063108e-02
4.279227331699581782e+01 7.207726683004180401e+00 -6.309092253360000513e-02 -7.582006686379999527e-01 4.688367010599985550e-04 1.050491841235505269e-03
4.285714285714285410e+01 7.142857142857143238e+00 -4.344405832460000139e-06 -9.281407297490000389e-06 5.036576368316275990e-03 3.192460450190595135e-03
4.285714285714285410e+01 7.142857142857143238e+00 4.527293740600000127e-07 4.671947830849999970e-07 5.900195232567990479e-03 3.952078594997367710e-03
4.289570900824097777e+01 7.104290991759022234e+00 7.999327770190000075e-01 1.475204898340000126e-01 7.072781780750475589e-02 7.110201051219371127e-02
4.297555493116043834e+01 7.024445068839561657e+00 -8.000206559950000518e-01 6.726894366850000306e-01 1.753930656712760676e-03 1.777880119395595536e-03
4.312998076394613634e+01 6.870019236053861000e+00 9.490445995380000777e-03 -7.989770725870000145e-01 8.783496874893058836e-04 1.893961322946282775e-03
4.330117899249732716e+01 6.698821007502679059e+00 -6.565823144989999527e-01 -7.990692953870000004e-01 1.923125644461786592e-03 7.880775832006063891e-04
4.331729484095161808e+01 6.682705159048382804e+00 7.204010438269999872e-01 -3.192325409499999767e-01 1.194527136639874504e-01 1.204243622308840689e-01
4.333333333333333570e+01 6.666666666666666963e+00 6.328550133149999913e-07 5.523579958110000436e-07 4.453415879781048858e-03 2.817347487482404697e-03
4.336429993364299662e+01 6.635700066357000715e+00 -5.228603929890000140e-02 -3.225416004860000019e-01 8.853066471598970526e-04 3.836364076623144121e-04
4.340369393139841492e+01 6.596306068601583306e+00 2.509802167570000163e-05 -5.071052421860000050e-05 4.426089371627342853e-03 2.753715785658295261e-03
4.340891115212232876e+01 6.591088847877669465e+00 -7.096219604440000550e-01 -1.785235888030000106e-01 1.096569482638685240e-03 1.595996592129729713e-03
4.341151666886283067e+01 6.588483331137171994e+00 -7.892794662550000062e-01 6.728860846299999920e-02 1.696622314920314930e-03 2.278777350622448235e-03
4.370673379483952203e+01 6.293266205160477966e+00 -4.813947013550000098e-01 5.248150316240000057e-01 1.301177285943254033e-03 6.578483042428232572e-04
4.375000000000000000e+01 6.250000000000000000e+00 6.000088627670000507e-01 -1.709832039150000038e-05 6.731748048784047186e-03 6.955581340723886348e-03
4.375000000000000000e+01 6.250000000000000000e+00 -5.999969970049999768e-01 -2.898814015950000186e-06 2.350221052597720444e-03 9.874618027472413170e-04
4.375000000000000000e+01 6.250000000000000000e+00 6.904012662810000317e-07 5.823837324219999566e-07 3.738187160885908349e-03 2.318027957090729001e-03
4.375000000000000000e+01 6.250000000000000000e+00 3.782514409659999880e-06 -2.034210805880000062e-07 5.610255081378657041e-03 4.100082673447507514e-03
4.375078115235594822e+01 6.249218847644043784e+00 -3.998610718200000247e-01 -1.320884656659999981e-06 5.964071003015042685e-04 1.417225220856931415e-04
4.375078115235594822e+01 6.249218847644043784e+00 3.998669996590000220e-01 -6.864840048500000070e-07 1.844253342534172592e-04 3.146009853458064161e-04
4.375078115235594822e+01 6.249218847644043784e+00 -3.998665805650000182e-01 -5.888800363380000153e-07 6.906509534659600576e-04 1.315463488027857986e-04
4.375078115235594822e+01 6.249218847644043784e+00 3.998564434329999751e-01 2.897765208010000092e-06 1.889269336480157925e-04 3.361868329232607275e-04
4.389275680957615577e+01 6.107243190423841561e+00 1.552530612360000056e-06 -2.445476913769999841e-05 4.003941632705522967e-03 2.461500098268401809e-03
4.405540363809296878e+01 5.944596361907026782e+00 -6.101936996600000329e-01 -7.310234943400000240e-01 7.239043101726067150e-04 2.461546520177101700e-03
4.411764705882352899e+01 5.882352941176471006e+00 7.131394169559999684e-07 5.959626434680000000e-07 3.614698492063251646e-03 2.204358080763911629e-03
4.428440786465477430e+01 5.715592135345221259e+00 -2.002831174099999889e-01 -7.788479697589999473e-01 6.891716983613572741e-04 1.558523844218358441e-03
4.429288893961876994e+01 5.707111060381235390e+00 1.319205072569999920e-05 -4.007894273190000235e-05 4.128992770485099065e-03 2.585641731792247093e-03
4.432398683164944231e+01 5.676013168350549698e+00 -6.080658562249999788e-01 7.994865134799999939e-01 1.270009978858297481e-03 1.519287389549234908e-03
4.441527979448230212e+01 5.584720205517704095e+00 -8.001410874540000329e-01 -4.588411961230000058e-01 2.267500484824028564e-03 3.354396465803108698e-03
4.444259197510281467e+01 5.557408024897187993e+00 4.838793644750000178e-01 7.478632871470000110e-01 3.671596078852097655e-02 3.551344862772901068e-02
4.444259197510281467e+01 5.557408024897187993e+00 -8.000817916089999482e-01 7.994222033860000076e-01 1.383169431900761314e-03 3.872539673087501029e-03
4.444259197510281467e+01 5.557408024897187993e+00 -7.999565834730000269e-01 -7.988798207559999476e-01 3.826316021714964207e-03 2.487545908448520696e-03
4.444259197510281467e+01 5.557408024897187993e+00 -6.036319908220000308e-01 -7.524524180430000042e-01 8.464980538424023235e-04 3.387747710402093469e-03
4.444320960213380545e+01 5.556790397866191888e+00 -9.004072946929999599e-01 -2.136584997769999902e-05 3.407182778940841001e-03 2.653731762957870811e-03
4.444320960213380545e+01 5.556790397866191888e+00 2.844388316009999751e-01 -7.514800977340000410e-01 1.073984664728754382e-02 1.252341090919255676e-02
4.444382709189910230e+01 5.556172908100901253e+00 5.955777919929999831e-01 -4.779618341729999775e-01 7.132981387557414676e-02 7.271986215818421195e-02
4.444382709189910230e+01 5.556172908100901253e+00 -7.372230786469999853e-01 2.074433098629999972e-01 1.652521562787079637e-03 5.685596582688368268e-03
4.444382709189910230e+01 5.556172908100901253e+00 7.787263489250000059e-02 -7.759141978929999794e-01 6.890787908147090511e-04 1.259448311481335334e-03
4.444444444444444287e+01 5.555555555555555358e+00 -3.977396638490000025e-01 1.477952346620000105e-03 2.575461897113595026e-03 9.168711608356941390e-04
4.444444444444444287e+01 5.555555555555555358e+00 1.236604188679999994e-01 1.087245480020000016e-01 7.588550893089701481e-03 6.035231300001954978e-03
4.444629567921803215e+01 5.553704320781961634e+00 -4.995589999999999753e-01 4.964756383470000322e-07 4.038346283391755541e-04 2.236031453464213097e-03
4.460451062911405984e+01 5.395489370885939273e+00 1.017334978459999900e-06 -8.823772189429999908e-08 3.956088493279791979e-03 2.479052956167641410e-03
4.473684210526315752e+01 5.263157894736842479e+00 8.720177329370000497e-07 7.241179313289999984e-07 3.083882408318757706e-01 3.072297653813077511e-01
4.486072566553602314e+01 5.139274334463974192e+00 -1.112523476739999927e-06 -3.312585649289999883e-05 3.659769420476915221e-03 2.319406584618985585e-03
4.500000000000000000e+01 5.000000000000000000e+00 8.873863210409999969e-07 7.440429604379999707e-07 3.048999074088746819e-01 3.063869936637294566e-01
4.508212845480476005e+01 4.917871545195239946e+00 1.182643987629999979e-05 -6.787847936939999764e-06 4.206418596168624846e-03 2.695244959108120467e-03
4.509803921568627061e+01 4.901960784313725839e+00 -2.253384053099999820e-06 -1.463669818429999933e-06 4.884409708889973778e-03 3.219615290010176354e-03
4.523809523809524080e+01 4.761904761904761862e+00 9.055913567229999476e-07 7.640862060079999713e-07 2.879252102002566316e-01 2.903690100613228187e-01
4.531088811779049053e+01 4.689111882209509474e+00 1.673002032579999959e-06 -2.730739095360000020e-05 7.589234215149612793e-03 5.476715030785768955e-03
4.545040946314831842e+01 4.549590536851683353e+00 1.281135614499999948e-05 -1.433889865149999966e-05 4.070144472546965465e-03 2.666813991533146470e-03
4.545454545454545325e+01 4.545454545454545858e+00 3.656197720749999841e-06 5.783879809019999701e-08 4.934413694009044150e-03 3.279218052145287630e-03
4.545454545454545325e+01 4.545454545454545858e+00 8.744045151050000186e-07 7.840361761370000322e-07 2.783306997542690508e-01 2.857429734285674150e-01
