0225 0.00038578259218281845 0.00018486314359570806
2099 0.0006935807831479016 0.0002967429892900877
1503 0.0004421886366562214 0.0001886761735763193
1481 0.0021425960341291 0.0011540078467897567
1124 0.004628674820002253 0.002382431424161533
0228 0.0003953380076370606 0.00017501953398309025
0328 0.002386182026118721 0.0012858064872039547
2102 0.0009236417225159412 0.0004080888822005238
0070 0.0009478912163739622 8.698221473422465e-05
0072 0.0008462441412812444 8.971310258677844e-05
0073 0.0009620887760678314 0.0001901664017836245
0066 0.0011273928172232197 0.0001613018297084186
0086 0.0009303338865290582 9.200707810420273e-05
0067 0.0008889222107324275 8.866575338754826e-05
0071 0.0010061296464197603 8.758057975720063e-05
0068 0.0011907699722796716 0.0001208048220461068
0090 0.0011188816065655395 0.0003315990856144421
0002 0.00016744358362956856 0.0011242672097205877
0150 0.0003303495047086 0.00015914081776780022
0170 0.0005022050997828307 0.00023076885051801041
0153 0.0015917617020076154 0.0008141954148858469
0160 0.002097479051276604 0.0010510655703715546
1154 0.0007415132006850195 0.00010509889727860694
1122 0.00017908053466108076 8.55719124611412e-05
1155 0.0007486865058920517 0.00010457998858858146
1123 0.00017922607514395483 9.249638779977267e-05
0158 0.003671219661213552 0.0018524866494575426
2104 0.002582509805779022 0.001415541733175941
0157 0.0029086771246226717 0.0014375570394955582
1153 0.0007038276470177966 0.0001104495052388913
0178 0.004442754960259751 0.0022741369713895846
0176 0.003404606649222578 0.0017073595689268686
0155 0.0010624855591775146 0.0005807261817746167
0230 0.0012153936021250384 0.000636797810352648
1477 0.0024392357792094492 0.0013206164420369103
1497 0.0012553346314661564 0.000615813993127976
1507 0.0006232662351682288 0.0002953337626238969
0394 0.0004983265714246824 0.0001932649863694222
0227 0.00019797609611623885 0.00011780604877283049
2101 0.0004816797874283149 0.00020153351938384276
0229 0.00016680267864948982 7.848926629421555e-05
2103 0.00042806785265294295 0.00017645523254747233
1495 0.001046046939514426 0.0004930381548219515
1501 0.0004065318286491861 0.00016755441877482446
2106 0.0011658355266305777 0.0005815310265539943
2105 0.00032745399077199435 0.00011820706030062741
0232 0.000631923937139529 0.0003619691602479897
0231 0.00013247164178117513 9.116828748035626e-05
0005 0.0013408015792423628 0.0007078835067413099
1376 0.0005151537872264092 0.00024404478692803175
1496 0.00044683163395537286 0.0005458335043672927
0311 0.0006808554538177568 0.0003287437238227976
0310 0.001201456639525471 0.00017868226733470344
1490 0.0019625379560360904 0.0011947169185379963
0486 0.0037363371851284097 0.0026787692043608786
0409 0.0024977130580912162 0.0016172375075279416
0591 0.002381248353230999 0.0011667304025454771
0507 0.0007652439970148376 0.0008186532059551078
1493 0.004427011069444732 0.0032347588609855614
1413 2.7888391329424138e-05 2.8517405828692993e-05
1473 0.0025482566250612675 0.0013504330255239118
1146 0.004105131603949267 0.002080927275442792
0441 0.003670923018138811 0.002205187270684879
0008 0.0014627709927528597 0.00012889153708331574
0007 0.001452776560299461 0.00010867950647451468
0593 0.0013059729657870724 0.00013003414696808823
1415 3.267003566121428e-05 2.329912561454043e-05
0013 0.0001286474065943165 0.00037571368662246056
0009 0.0001298006190292144 0.00043649717110452025
0499 0.009440164717357518 0.006953409990506787
0501 0.005125414639455418 0.0031494479401132794
0435 0.008644671799824703 0.006277106347083259
0566 0.012250862104039709 0.009335124272598685
0451 0.006783679189236986 0.0033421169667567255
0388 0.0028631957511688847 0.004198789639368253
1510 0.004647898850220014 0.0018124466594419517
1469 0.0009593028657402274 0.0008949404041833605
0530 0.011694261618126105 0.0067823125770050995
1478 0.01178986291665223 0.015465284008989798
1504 0.001360882139576122 0.00018458205121439048
0248 0.018286403897675312 0.013431171565380488
2122 0.020222894376188214 0.015177583753803577
0332 0.021841489041145697 0.015475517589405326
0399 0.005884843283420645 0.0029618213429222183
0333 0.0025872017478785936 0.0011901714622480097
0257 0.0011520692663862047 0.0006716975844307656
2121 0.013638851853398234 0.008208489921562988
0574 0.0023571933674145645 0.0008789954883962454
2131 0.0027129565675479586 0.001280105712219288
0599 0.0012869766548575467 0.00011640407528666993
2127 0.0019832803935929 0.000726216187489233
0253 0.0011340925707050387 0.0002862873150093273
2130 0.0017851702559233914 0.0006298165950952287
0256 0.0009333400163786676 0.00023550804129927083
0251 0.0025491549400981544 0.0008865472258090651
2120 0.006491795799388404 0.002417587364019516
0169 0.0021149058513001326 0.00012390648708847897
2125 0.002512564399038907 0.0008616533650293139
0250 0.0004012892801986916 8.383553909603298e-05
1148 0.0029249566630110318 0.0012513320476078714
1459 0.0030962539217722455 0.0012923608937689041
1468 0.011730315209084121 0.007524546595282049
0259 0.0035276530588327316 0.00022808706706585962
1456 0.0014730598739264883 0.0007929521165756414
0280 0.030403801983031643 0.01871223278026845
0293 0.00088218020819894 0.001625950892184857
2152 0.0351326694423055 0.022434565064015064
1152 0.0010563785109600906 0.0007635930553635994
0277 0.010843785599951408 0.00299718570767192
1151 0.0010606447333765992 0.0007617251854584264
1150 0.001106043439337651 0.0007853678774715223
0285 0.010840733721753605 0.004636197172405219
0291 0.002303063674548084 0.0003539353828349025
0047 0.002862327087226488 0.0004213006444362813
0278 0.02216290727714742 0.010418487427688132
0286 0.002799594817898762 0.0004081601901296823
2157 0.013246231274406538 0.0062518037375699845
0283 0.004437435366632527 0.0007489977737338474
2150 0.025461186452425795 0.012706361533642194
0290 0.0002793088429548366 0.0017034619978489075
0168 0.004147785488460325 0.00019107431983032597
2163 0.0034937893485679316 0.0008107248947115744
2162 0.0004417214617204186 0.001120549688408795
2265 0.0008719799003960964 0.00022081254957610077
2158 0.004947944515718463 0.001347061646197156
2155 0.005936922475381884 0.001366277571303568
2161 0.0068182998016743926 0.013487094027781468
0282 0.00038062662716372396 0.0006913812016221974
0174 0.0046949416993519585 0.010930260358190974
0041 0.0020809904632983923 0.006730283723487285
0031 0.002836079245971913 0.008045134718022253
1447 0.005064585760813781 0.001650128677036765
1457 0.017843236899497867 0.009318737311250566
0294 0.005551915661846465 0.00031102877100608865
1907 0.04032203315984164 0.01942410087372185
1938 0.03363431672227536 0.01667376891409737
2013 0.019460360736214433 0.005974807303619972
2014 0.01738253803686833 0.030203582977539358
1434 0.0023240107321946526 0.0017142024975470356
0295 0.0054871135864707835 0.00010317539226732035
1463 0.0029808659634827277 0.013420982725284941
0112 0.005113566997888743 4.8895154901717896e-05
0055 0.005110985293281238 4.7692119420083783e-05
0056 0.005116636485625662 4.620972660560626e-05
0110 0.004089401801027327 0.019148205508828706
0296 0.005103464554191399 4.468916361504406e-05
1440 0.026071447538206307 0.050086330288414374
1432 0.01756318904783793 0.003881498735355775
1438 0.047524612682114185 0.017000724165935566
0166 0.005900195232568648 0.00012898544567034717
1437 0.0707278178075052 0.10973217848187725
0297 0.004453415879780501 8.649563041151285e-05
0298 0.003738187160885361 0.00022724110358001838
0203 0.00018892693364767936 0.015078310382010395
0299 0.0036146984920635804 0.00024745825957942543
1460 0.0075885508930899235 0.0010742109156245889
0300 0.3083882408318761 0.3057686443294348
0301 0.3048999074088745 0.313888144532309
0302 0.2879252102002565 0.30010257946929914
1107 0.004934413694009285 0.000300572033835761
0303 0.2783306997542685 0.31476354397077333
0219 0.00014612316126471614 0.00020665740937417498
2093 0.00031865904284952775 0.00012561547936816767
0326 0.00045359388906994366 0.00021766906606476578
0221 0.00020206401415202258 0.0001387672534264237
2095 0.0004989266520663409 5.8347335177075794e-05
1502 0.0006339660871171334 4.172654540181138e-05
0418 0.0005802719770056746 4.873211499983553e-05
0218 7.791029916893919e-05 0.00025401514729876646
0217 0.00031844493762602546 9.614194560550347e-05
2085 0.0005351131409807904 0.00011116215397619943
0213 0.00024694241282648176 0.00016474941173223864
2091 0.0006189306372100316 3.0412653091571183e-05
2087 0.0003754782772018139 0.00010510197214105569
1476 0.0005687689813682454 5.597950817443718e-05
0211 0.00020430510802579608 0.00023555935217884545
0447 0.0005358739835539807 5.199654834972601e-05
0216 0.00019331954906786497 0.00012536446038876966
0585 0.00039632516224039153 6.966910066863785e-05
0222 0.0009274898915883834 0.00029362137208910344
1499 0.0006450610932434335 6.542036738425219e-05
2084 0.00020935825220368378 0.00027252642550628097
0004 0.000715321513645466 9.143714262451723e-05
0544 0.0012804942434576183 0.0003196618814296798
0518 0.0014552440947919437 0.00021821343868135928
0396 0.001613854018250386 0.00047046709536725833
0626 0.0026029029536391757 0.0007568237188902148
0198 0.0006095770303463153 4.202092103930229e-05
0559 0.004486587410030108 0.0018704586421209237
0475 0.004556728083711785 0.0017217110806444843
0503 0.005191550758136649 0.0019844812469794505
0377 0.0020127581326775147 0.0005952019591843336
1487 0.002318684202471953 0.0006388449539750818
1505 0.003819503239631903 0.0012855006885584236
1482 0.007843701992929367 0.0033214507029954788
0625 0.0021473850678037348 0.0006636709689609235
0361 0.009139482924275124 0.004799980913241833
0392 0.01048477246065839 0.005197151076367056
0019 0.0063778237678525414 0.002182242271640106
0440 0.004190715335115271 0.0011885887937142627
0016 0.0013708764565000052 0.00017180856724399287
0014 0.0015633883621418675 0.0002895327060244831
0012 0.0009317283040550693 9.12360420196809e-05
1488 0.6808924629308812 0.6855022671551178
1465 0.00900257694179654 0.003201784794413779
0355 0.013418075989330968 0.005271542248185748
0550 0.017003107020978334 0.008421387172045049
0382 0.015088656016168132 0.008008458396835965
0402 0.004124938613593945 0.001158351109574425
1414 0.00019888792624929435 0.0010475557165855987
1354 0.00220113475557752 7.047318991119356e-05
0239 0.019616254377347635 0.0077555015941447305
2113 0.020509240876684882 0.008343693987678034
0233 0.009256936967562003 0.002472102478960411
0407 0.009559764551787576 0.0027400215824114164
2107 0.010415062793747626 0.0030509990451924444
0354 0.010530030883657452 0.00267388841365974
2115 0.003427939082419218 0.00011203400715994098
0247 0.012497194601756514 0.004625141729965247
0237 0.009539479120511314 0.002132416744062376
0242 0.007884987031660276 0.0013818529563595905
0461 0.002891861881507622 0.00031145627477786495
1164 0.002554420242016997 6.359322922978327e-05
0241 0.003532878159704673 0.00011340773806060225
1167 0.0024405293431733087 7.354265154577872e-05
1165 0.002538851451791434 6.933778526293042e-05
1467 0.01739779530918112 0.004666837178728516
0191 0.0034030998175398493 0.0003100150999611475
1462 0.006244710792890398 0.0007632311506100062
1484 0.007470666668523248 0.00023393696643376878
0261 0.009425965978491309 0.00024712051732746025
2146 0.0325690912761255 0.008463692376375705
0274 0.029664160979510332 0.006797730127827662
2135 0.011533363366727136 0.0004137477323580903
2141 0.017120402244694473 0.0014391603402502291
0269 0.015198558397339051 0.0009277589810940403
0272 0.00964658828241986 0.0002411052906728829
1178 0.004376549206421872 0.001112558615150325
1179 0.004395688978937702 0.0010574403447439734
0266 0.006495131938910312 7.676488348349837e-05
2138 0.008037003437150754 0.0001639986715331298
2149 0.013679730150382855 0.0013605565668901257
2144 0.011238773560039479 0.000440040160395651
0271 0.005706603551654775 0.000512389517048096
0036 0.003191478550248457 0.0007405693690156487
0040 0.17717953123829824 0.14717328127573776
0038 0.0033527218714101852 0.0007372428640930198
1446 0.00862528346412938 0.0005314052728117587
1458 0.04162680831097107 0.009221682159072127
1962 0.01865437824757457 0.0007681679694308909
2018 0.003196700848271747 0.0007080358586478078
1961 0.005064846858347169 0.002905709598884282
1931 0.00393051564248551 0.004025138197723389
1220 0.005605542707935653 0.0029832897499184646
0190 0.005226068260424372 0.005000071877971777
1445 0.01013705395019899 0.0018970964154684897
0109 0.001657204313064279 0.005601124943365511
1425 0.001753930656712272 0.0067008411733810985
1435 0.0016966223149203867 0.02703287385920832
1448 0.001301177285943772 0.008772847859402293
1421 0.0012700099788573065 0.004233790778230654
1420 0.001383169431901083 0.04043238723550916
1433 0.0016525215627868248 0.026962462653227354
1455 0.002575461897113719 0.007845141813330502
0064 0.00026473872639557524 0.0065827811749667
0114 0.00040383462833849283 0.007060509354794634
1492 0.00034910047561300344 8.973206407709294e-05
0220 0.0002508522499378576 6.31775249857403e-05
2094 0.00024677675615564215 5.701899002171492e-05
0436 0.0003841260484810555 0.00010199919396034142
0415 0.0007693527369699082 0.0002124369185659347
0159 0.0002984297354187953 4.317536108692683e-05
0389 0.000882648231623483 0.00011510158097951425
1475 0.0004113930820939934 0.00012766640972798943
0212 0.0003058661000545333 5.600436099018869e-05
1137 0.000493031419054554 8.225219756281863e-05
1135 0.00013453503187524615 4.401786914419513e-05
0171 0.00046031720464740397 0.00023865830726994093
1132 0.00041985322724358287 6.233041213207491e-05
0180 0.0006269890052903644 4.501011934810151e-05
0148 0.00014788426003737112 3.739963830249829e-05
0149 0.00030350646113261266 5.168802632240801e-05
2089 0.0002347384775534896 5.57943536070663e-05
0154 0.0002828203350843997 5.056743545547652e-05
2086 0.00031095844754803055 5.1190372571721144e-05
1141 0.0007186185838425242 0.0005199719446089831
0215 0.00024361303111115098 6.148667229244967e-05
1134 0.00014190635263234126 4.284285468083314e-05
0329 0.00040151996541501256 0.0001294553444301565
1509 0.0006127773162006163 0.00012916945873675152
2096 0.0006205562602920846 0.00010855977547400192
1125 0.0014351417069213758 0.0014271277532125085
0462 0.00033877724219616293 0.00012644422156883186
2090 0.00031270254424619747 6.668855459959134e-05
2088 0.00023515596319267402 7.525852355578091e-05
0214 0.0001555235706317808 3.693855144130307e-05
1500 0.0002672905037018165 8.090915122035729e-05
2083 0.00032476455074230756 6.542169896938829e-05
0209 0.00031193109975465304 5.762862503152306e-05
0210 0.00016477063234217993 4.319581126143833e-05
1351 0.0008957378989690406 0.00024492462086820606
1513 0.0007779520737285418 8.91515410876398e-05
0523 0.0002528138050218725 6.205691310341618e-05
0438 0.00032679896247622616 0.00012572420877293166
0386 0.00024581516977659125 0.00011994933672350105
0398 0.0001476373975722653 0.00019539317328390196
0464 0.00029749071449377304 5.862528640702266e-05
1143 0.0015782667659602376 0.0004511962444822959
0466 0.0003547145077536901 9.816334202492363e-05
1142 0.0017211887760815174 0.0006627039893948549
1471 0.0003717888788921326 0.00010094632168678035
0437 0.0001655161098539182 0.00020175016215781135
0404 0.00023937664885394523 0.0005908789671166449
0397 0.00042584691345280435 0.00017389864199806703
1470 0.00048364777939070337 0.00015562794391564905
1480 0.0006012075721430776 0.00026550039257614927
1479 0.0002594495638126085 0.00011749495491966692
0414 0.00018461086344520816 0.0001844117176161639
0512 0.0002965308043933322 0.00012103482437392143
0371 0.00039877763254240507 9.555791112454503e-05
0454 0.0007180383745221998 0.00032811128380475895
1416 0.00011773714568653246 0.00020411049887734232
0482 0.0018214138806591721 0.00031875186051614926
2117 0.0001561707321122885 0.0007959801900375089
0243 0.00016991671334558393 0.0008504118555901083
0234 0.001498116465198552 0.0003819082028044356
0331 0.00020053776769292578 0.000985379465321428
0375 0.0004835805225765106 0.00010896327844684191
0584 0.001031024646811736 0.0003748225423160965
2108 0.001587006083813008 0.0004203903526423285
0334 0.0010924278290335716 0.0003310982762798407
2109 0.000450160577466665 0.00012424172433372945
1112 0.0034399438194441683 0.0018330790580450551
2114 0.0013681661189489116 0.0003953092206828177
0238 0.0008008719564930138 0.0002568644516243746
0235 0.00041238192974357924 8.463395844991106e-05
0244 6.400172416138538e-05 0.0007700164772493968
0240 0.0013519242101536547 0.00039391198887223333
2112 0.00042094661025435904 0.00011082032986691801
0236 0.002134218207353467 0.0010232807759680915
0387 0.0008973907887770203 0.00038133640545706286
0412 0.0008400957823647681 0.00016637994254710205
2110 0.002371270573479115 0.0011900649905721783
1494 0.0012324027827992495 0.00037205132942263363
0631 0.0011206908108450863 0.00017538050005078154
1472 0.00200446252047616 0.0008059953517185461
1454 0.001986380297302468 0.0004668238238561082
1461 0.00044884811005659893 0.00030338560357571196
0260 0.005400954761683803 0.0012427485400823347
2145 0.00024794936231098505 0.0007119669403533002
0273 0.00010214987661611157 0.0009878231742999504
1221 0.005537740975175572 0.0012767864842687059
0268 0.0004889944830887572 0.0001950886803069963
0264 0.0008522543966486925 6.883883177692623e-05
2142 0.002615042165216958 0.00044471061426005045
0046 0.0009360753703604145 8.320937332543354e-05
2139 0.0012743198988151832 0.00019635717958306142
0267 0.0009891367357214094 0.00012937466692938308
2136 0.0012581056758252107 0.00016207956880439527
1172 0.0018461417629945878 0.00029342591584237995
0275 6.457182187538736e-05 0.0013673392529732768
1175 0.0018322159301060387 0.00028979252166544617
1174 0.0018243248605024564 0.0002883870482500638
1173 0.0018571449192034128 0.000299092298147742
0270 0.0019489965279034403 0.00019076899728658506
2140 0.0011091479444483067 0.00017734604481369864
2147 0.00021959169694142478 0.0008257487873655617
0262 0.002733132989511886 0.0005684370306358439
0265 0.0011587262598247575 8.89028937188341e-05
2148 0.001433533091576881 8.743251799827165e-05
2134 0.0037764996042793483 0.0011258556671629838
2143 0.005295659120633329 0.001569072513983201
2137 0.0017014618294880284 0.0002592212941660741
0200 0.004570692654581699 0.0006726317498255465
0193 0.00489496076482902 0.0006720790714243673
1966 0.0008440816342699213 0.0010125563896495986
1936 0.006785706312608249 0.0013945261711892664
1911 0.00037403104113401507 0.0032716177933286724
2036 0.0007178009909548104 0.0007880795920862382
2040 0.003988699515897542 0.0006105247197994055
1450 0.0007350595613767515 0.0012344513855263729
1449 0.0031900093061913992 0.0004798430318137291
1111 0.014436038058284589 0.005366648642800916
0208 0.004339327141252326 0.0004271691732624816
1428 0.006422610534547481 0.0009195287968471789
0197 0.0048762705639157486 0.00014066021315325817
1444 0.00046883670105919473 0.005866653601390268
0181 0.005036576368316903 0.0001019768724240843
1424 0.001923125644462016 0.0012429886980676401
1464 0.0008853066471612532 0.0022286117437283572
1442 0.001096569482640006 0.0022328730935091694
0207 0.002350221052597937 0.001192761494172909
0205 0.0005964071003015043 0.002259314943506112
0206 0.0006906509534649085 0.0020816778160052535
1427 0.0007239043101725187 0.0038964804149336143
1429 0.0006891716983611269 0.007672306059726704
1422 0.002267500484823364 0.0017497757510254216
1423 0.0008464980538431459 0.005281219586475963
1375 0.003407182778941023 0.0008811496472882587
0199 0.0036597694204760288 0.0009517129225871425
1108 0.004884409708889519 0.00041336712120021267
0226 0.00021412645850605317 0.02162661200655374
2100 0.00046931545678512377 0.01960201148425559
0325 0.0002935076994434607 0.11917143852858228
0224 0.00023572042087192607 0.02138916995411065
2098 0.0004054034513585316 0.01986264455278979
0459 0.0006122170530010871 0.0038266953657411793
1114 0.0009347169907741812 0.006376896241331144
0366 0.0009962634505031019 0.0027545348407357257
2097 0.0008794601130561013 0.00474055759509841
1506 0.0007420645279184597 0.00124403565068876
0376 0.0007454482067852086 0.002263827010842807
1498 0.0004078835644677698 0.044119049431803406
1352 0.00031496359938797206 9.483663074574517e-05
0312 0.00013244982975660314 0.0006581674043033171
0313 0.00015427586715441283 0.0010454044368566635
1353 0.00015340253369451801 0.000819538485644296
0318 0.0002307515842876968 0.0005527742767250267
0305 0.00018729565894977395 0.0006624003652320505
0314 0.0001997838539319273 0.0010968132700483416
0307 0.00024135903985403136 0.004046780704162072
0465 0.000596617488536256 0.002595738481655949
0535 0.00013808578054693782 0.03536575636718926
1223 0.0001597849521893284 0.0007737325523176099
0525 0.0016050619763736203 0.0014936210114582394
0315 0.00015579047101633786 0.0034317302108041255
1508 0.0003885422317361275 0.002684739249347853
1474 0.0015599099908886608 0.0010149299306906289
0306 0.00635259704968731 0.0018802175484067705
1511 0.0012352093374401493 0.00026803673933367163
0579 0.0011469819693119578 0.009369554003740654
0369 0.0037210448446361177 0.003543392039302957
0025 0.0020931425529096513 0.0007551074807352349
0385 0.005013123710794816 0.0012804800601936318
0372 0.008047537351504297 0.0009322963322607749
0194 0.0010744763351888094 8.247413024678738e-05
1412 1.9759793179762558e-05 0.006090388289509797
1491 0.000401310876296551 0.01706329034468882
0423 0.00021504437863177487 0.07283662380710283
0488 0.009393788515035249 0.005957072747438613
0473 0.0008298136343272795 0.025588306018063903
0552 0.018728365071719513 0.003653834098044629
0545 0.00018523473824232057 0.07024843164870401
1466 0.02200069044951405 0.010165178402152255
0580 0.00031842144169641403 0.06555522581220588
0252 0.005223674604343882 0.014205242350972336
2126 0.004328713151409148 0.012678775055644317
0258 0.06335846477531669 0.03308631775629072
1222 0.002498981514324139 0.00037016830612509596
0410 0.003102215883226648 0.002103699134190165
0245 0.0010205167077912479 0.009002466588917851
2119 0.0006346537383599714 0.00958304011898546
2118 6.499923265209012e-05 0.03815626779190613
2124 0.0004230765077267729 0.0047182826575646675
0448 0.001729250202633661 0.0002961549301962965
0254 0.014536001218539665 0.004962192045060864
0249 0.00011450564479460444 7.031257360061246e-05
0554 0.00010245642152182706 0.001622589041925053
0184 0.002200702357994316 0.00032253522860053384
0255 0.004001075176099613 0.0016540441723042689
2129 0.0030966987628316843 0.0020246462998032575
1166 0.0027264291677215357 0.00034316488976251374
0513 0.008972540811129982 0.0011642736823751349
1147 0.003568453625638929 0.00125650939080899
0201 0.002997008120281028 0.0007719948449033219
1453 0.07011949044040328 0.03560604464150613
1512 0.0011714530881212879 0.004078961101359902
1387 0.007104345727173157 0.0004447470436080231
2151 0.0032359381393041397 0.024405254656712855
0279 0.004664657126078102 0.02570082826797953
2156 0.007055941505414979 0.0033885342877880242
0284 0.008524049298499767 0.0044749814662559066
0287 0.036144289447665755 0.013012540718157887
2159 0.032234537376363184 0.01060415112850938
0281 0.0005889950232395624 8.033237424311636e-05
0183 0.004260964688304285 0.0034049525189415496
0288 0.025724109652665902 0.005797227196078298
0289 0.008251855315184839 0.0009022663581918608
2154 0.0008717177785534918 0.0055438480262041245
2160 0.023988177402146944 0.00488507778817566
1485 0.0023810961182940643 0.0004537670476276992
1483 0.01106288633252064 0.0004899579816491274
0317 0.01728892721749432 0.003106410345603094
1489 0.00015104296881185314 0.0011378421964293197
1452 0.12252818814228138 0.06230890365302543
1486 0.00041846428303476447 0.004629212055989105
1942 0.01878392449417975 0.013740969486073127
1906 0.006854147606181356 0.009791820888487561
1937 0.00020601914644021466 0.006545757815783159
0182 0.00527911976592668 0.011302685681480804
1451 0.009642009025167268 0.015505540183119898
0187 0.005025249646465523 0.0239645670106767
1443 0.025963412417574515 0.013793422963826933
1436 0.0008783496874896629 0.14554656007040961
1439 0.11945271366398821 0.0448962510247036
0192 0.00442608937162729 0.05294891881936696
0202 0.006731748048784245 0.008668017706723158
1110 0.00561025508137799 0.07102342847843737
0204 0.00018442533425261443 0.006352479630301145
0188 0.004003941632705563 0.06398999554151742
0195 0.004128992770484837 0.07350643011912333
1430 0.010739846647286696 0.020982650363100094
1441 0.07132981387557379 0.016258879736868313
1431 0.000689078790815271 0.09676821842010402
0186 0.003956088493280973 0.0811197243760573
0189 0.004206418596168625 0.09420767087521069
0196 0.007589234215150262 0.08656646594330496
0185 0.0040701444725460756 0.10909383515250085