2.500000000000000000e+01 2.500000000000000000e+01 5.000067850229999999e-01 -8.997030342249999757e-01 2.141264585057328141e-04 6.272551215026322393e-04
2.500000000000000000e+01 2.500000000000000000e+01 4.999809066820000147e-01 -8.996478620200000220e-01 4.693154567851237657e-04 3.484134693933246645e-04
2.500000000000000000e+01 2.500000000000000000e+01 5.559618062569999912e-05 -7.997388439200000532e-01 2.935076994434607039e-04 4.874710503947278961e-04
2.500000000000000000e+01 2.500000000000000000e+01 4.000026132380000154e-01 -7.998326983850000405e-01 2.357204208719260684e-04 5.491573380298613591e-04
2.500000000000000000e+01 2.500000000000000000e+01 3.999605787409999946e-01 -7.998584141800000324e-01 4.054034513583776290e-04 3.667725428105768869e-04
2.500000000000000000e+01 2.500000000000000000e+01 1.999085536569999988e-01 -4.000781273719999920e-01 6.122170530009230643e-04 2.331065525047691634e-04
2.500000000000000000e+01 2.500000000000000000e+01 1.999501807890000094e-01 -4.808969168129999738e-05 9.347169907746353352e-04 8.441063170714683227e-04
2.500000000000000000e+01 2.500000000000000000e+01 1.999509231740000115e-01 -5.202074078229999680e-05 9.962634505031018901e-04 1.092505906707766258e-04
2.500000000000000000e+01 2.500000000000000000e+01 2.999507342130000032e-01 -4.663336434100000244e-05 8.794601130561012503e-04 1.028060619694054419e-04
2.500000000000000000e+01 2.500000000000000000e+01 4.589441782290000216e-01 -3.195999418950000170e-01 7.420645279184596684e-04 1.789760266433445288e-04
2.500000000000000000e+01 2.500000000000000000e+01 5.998717011230000340e-01 -4.000603727429999923e-01 7.454482067852086485e-04 1.872031587553724986e-04
2.539370078740157410e+01 2.460629921259842590e+01 2.232413898060000013e-01 -7.837427926729999550e-01 4.078835644677697783e-04 5.027743114510087492e-04
2.675499767549977292e+01 2.324500232450023418e+01 7.101618156719999853e-01 -6.716962219140000245e-01 3.149635993878058000e-04 2.318863983655659964e-03
2.730367680435769273e+01 2.269632319564230372e+01 3.901503086809999798e-01 -4.798752586780000162e-01 1.324498297566031402e-04 1.366445449754754909e-03
2.744700045105999209e+01 2.255299954894000791e+01 3.801534890280000023e-01 -5.198770520650000115e-01 1.542758671544128333e-04 1.102016248987879076e-03
2.745716862037872019e+01 2.254283137962127981e+01 3.308389682810000121e-01 -4.381549435370000189e-01 1.534025336943516983e-04 1.119473800848153370e-03
2.747747747747748193e+01 2.252252252252252518e+01 3.300108021989999751e-01 -4.398719707539999746e-01 2.307515842876967983e-04 8.064120606662019373e-04
2.748761819000450402e+01 2.251238180999549598e+01 3.299765800460000009e-01 -4.399483252199999916e-01 1.872956589499399438e-04 9.289910807681665654e-04
2.755834829443447376e+01 2.244165170556553335e+01 3.100722606940000126e-01 -4.599189257979999779e-01 1.997838539320913602e-04 7.994783515953686557e-04
2.755834829443447376e+01 2.244165170556553335e+01 3.199719509939999984e-01 -5.798491497890000401e-01 2.413590398540313615e-04 1.002723226887040041e-03
2.777777777777777857e+01 2.222222222222222143e+01 6.000733020490000014e-01 -7.997787277550000296e-01 5.966174885357902963e-04 3.252848946546706491e-03
2.777777777777777857e+01 2.222222222222222143e+01 1.998373820100000087e-01 -7.998505506780000385e-01 1.380857805469378244e-04 1.290854563047549473e-03
2.777777777777777857e+01 2.222222222222222143e+01 3.801237420529999800e-01 -4.599448177189999765e-01 1.597849521893283887e-04 1.960033646444446932e-03
2.777777777777777857e+01 2.222222222222222143e+01 7.997626771539999568e-01 -3.999530508860000277e-01 1.605061976373620266e-03 4.822618944406292622e-03
2.799295774647887214e+01 2.200704225352112431e+01 3.200130160369999976e-01 -5.600178497650000198e-01 1.557904710163378554e-04 1.273658216260825865e-03
2.806055287406757159e+01 2.193944712593242841e+01 2.928274877170000123e-01 -7.407304063750000389e-02 3.885422317361274876e-04 3.595514608097578652e-04
2.808939526730937430e+01 2.191060473269062214e+01 7.237340298879999523e-01 -7.997462249929999656e-01 1.559909990888660785e-03 5.218114398566888086e-03
2.835497835497835339e+01 2.164502164502164305e+01 9.612088028680000340e-01 -8.991078595470000101e-01 6.352597049687462236e-03 1.241057574821137315e-02
2.972424979724249283e+01 2.027575020275750006e+01 2.775080175290000131e-02 -1.008361957090000011e-01 1.235209337440149307e-03 1.279678913044446007e-04
3.000000000000000000e+01 2.000000000000000000e+01 3.998928046570000006e-01 -7.996426827749999466e-01 1.146981969311957781e-03 4.679850540537815184e-03
3.000000000000000000e+01 2.000000000000000000e+01 5.998664350989999505e-01 -7.996261306220000531e-01 3.721044844636115564e-03 9.027493642451981520e-03
3.000000000000000000e+01 2.000000000000000000e+01 4.995229999979999835e-01 -4.994590000010000197e-01 2.093142552909957928e-03 6.247205976384387002e-03
3.000000000000000000e+01 2.000000000000000000e+01 8.000762719899999764e-01 -1.063640986020000052e-04 5.013123710794815772e-03 8.827569364034256252e-03
3.000000000000000000e+01 2.000000000000000000e+01 7.997313324770000120e-01 -4.000429857259999999e-01 8.047537351504610581e-03 1.389204635063088882e-02
3.014297061159651037e+01 1.985702938840349674e+01 3.192515232869999777e-05 -8.569149005759999925e-05 1.074476335188658286e-03 8.519978014865227205e-05
3.098859315589353614e+01 1.901140684410646386e+01 4.000060796550000131e-01 -2.999835452030000238e-01 1.975979317976255754e-05 1.680793252242403701e-03
3.120300751879699064e+01 1.879699248120300581e+01 1.992962089870000120e-01 -6.964519730860000424e-01 4.013108762965509929e-04 2.984449607123238965e-03
3.181818181818181657e+01 1.818181818181818343e+01 1.403383383250000113e-04 -7.996046213059999630e-01 2.150443786317748690e-04 2.174113739818564570e-03
3.181818181818181657e+01 1.818181818181818343e+01 6.001351293309999946e-01 -7.995944018320000346e-01 9.393788515035417230e-03 1.705289443137628785e-02
3.181818181818181657e+01 1.818181818181818343e+01 2.001200989549999920e-01 -7.995963401150000260e-01 8.298136343272794965e-04 4.122202503525224278e-03
3.181818181818181657e+01 1.818181818181818343e+01 7.999263191340000301e-01 -3.999723888269999805e-01 1.872836507171967216e-02 2.671308492442476742e-02
3.205956225331897969e+01 1.794043774668102031e+01 9.059663478200000349e-04 -7.904572970909999885e-01 1.852347382423205689e-04 2.094518665084954198e-03
3.274076630997583237e+01 1.725923369002416052e+01 6.988488333640000549e-01 -7.996662250599999577e-01 2.200069044951405081e-02 3.233300618666262727e-02
3.292932741550016829e+01 1.707067258449982816e+01 1.541840871809999937e-02 -7.813439977410000514e-01 3.184214416966938072e-04 2.833635029335433101e-03
3.332777592530843691e+01 1.667222407469156309e+01 3.714585909199999980e-01 -8.494398936970000147e-01 5.223674604343882429e-03 1.184187050931431034e-02
3.333333333333333570e+01 1.666666666666666785e+01 3.714715546199999774e-01 -8.495951245880000169e-01 4.328713151409322238e-03 1.047248367712665454e-02
3.333333333333333570e+01 1.666666666666666785e+01 8.712584764359999623e-01 -8.494863998889999879e-01 6.335846477531686949e-02 7.782206212589851124e-02
3.333333333333333570e+01 1.666666666666666785e+01 3.401554741329999767e-05 -1.055611802950000001e-04 2.498981514323987858e-03 2.181242913884031938e-04
3.333333333333333570e+01 1.666666666666666785e+01 6.000708824470000202e-01 -8.342799368430000402e-05 3.102215883226173369e-03 6.628421914505688850e-03
3.333333333333333570e+01 1.666666666666666785e+01 1.928594366519999980e-07 -2.999388873130000022e-01 1.020516707791247878e-03 9.270846003854592060e-05
3.333333333333333570e+01 1.666666666666666785e+01 1.064666854529999937e-05 -2.999958220760000072e-01 6.346537383599713594e-04 2.702907153628508947e-04
3.333333333333333570e+01 1.666666666666666785e+01 6.862861351059999641e-05 -5.999683150150000310e-01 6.499923265205246822e-05 1.380858873795017027e-03
3.333333333333333570e+01 1.666666666666666785e+01 2.999970075330000152e-01 -2.306328844880000095e-05 4.230765077270869762e-04 3.064279624768185260e-04
3.333333333333333570e+01 1.666666666666666785e+01 4.001180241969999885e-01 -4.000656971529999995e-01 1.729250202633493202e-03 5.689495706779561235e-03
3.333333333333333570e+01 1.666666666666666785e+01 6.000215014440000161e-01 -5.999006740919999858e-01 1.453600121853966531e-02 2.316178022804411124e-02
3.333333333333333570e+01 1.666666666666666785e+01 2.999635674950000275e-01 -2.999383982220000244e-01 1.145056447946044443e-04 1.984212677960218735e-03
3.333333333333333570e+01 1.666666666666666785e+01 2.001153183490000098e-01 -4.000787488670000114e-01 1.024564215218775796e-04 1.448096033904785074e-03
3.333333333333333570e+01 1.666666666666666785e+01 1.857490170029999922e-06 -9.302879100279999767e-06 2.200702357994001757e-03 1.491545235932101592e-04
3.333333333333333570e+01 1.666666666666666785e+01 6.000244884769999620e-01 -1.830185513060000058e-05 4.001075176099612961e-03 7.972278956487987081e-03
3.333333333333333570e+01 1.666666666666666785e+01 6.000068822040000027e-01 -7.855395343079999999e-05 3.096698762832005621e-03 6.621388804046187890e-03
3.333333333333333570e+01 1.666666666666666785e+01 4.140842741299999920e-05 -3.248280402660000181e-06 2.726429167721535710e-03 2.784376453296770427e-04
3.333333333333333570e+01 1.666666666666666785e+01 6.000154701050000039e-01 -4.001530092660000038e-01 8.972540811129648894e-03 1.555848690033447349e-02
3.354180381830150992e+01 1.645819618169848653e+01 4.301403532440000177e-01 -5.100180971519999718e-01 3.568453625638929195e-03 8.827942414844264923e-03
3.492159227985524694e+01 1.507840772014475306e+01 6.226177123509999973e-05 -4.155788186039999997e-05 2.997008120281027983e-03 3.098584066498423668e-04
3.508353221957040802e+01 1.491646778042959554e+01 8.001641138539999920e-01 -7.842924104539999997e-01 7.011949044040327594e-02 8.459188406314123443e-02
3.527679623085983707e+01 1.472320376914016471e+01 2.393083457050000085e-01 -4.727195945949999980e-04 1.171453088121428374e-03 1.450548364689600530e-04
3.744664825508410644e+01 1.255335174491589179e+01 4.699395192260000242e-01 -3.599020560619999864e-01 7.104345727173157383e-03 1.338971061002456296e-02
3.749687421855464464e+01 1.250312578144536069e+01 2.313804300060000041e-01 -8.492514033789999583e-01 3.235938139304341769e-03 9.457677540486165643e-03
3.749687421855464464e+01 1.250312578144536069e+01 2.313517892599999959e-01 -8.493819370630000254e-01 4.664657126078101956e-03 1.180976059148738412e-02
3.750000000000000000e+01 1.250000000000000000e+01 4.001183321569999896e-01 -5.998045077989999641e-01 7.055941505414367945e-03 1.422873453065416800e-02
3.750000000000000000e+01 1.250000000000000000e+01 4.000350943050000052e-01 -5.998103535900000116e-01 8.524049298499767127e-03 1.628873677756628377e-02
3.750000000000000000e+01 1.250000000000000000e+01 6.000094374590000390e-01 -5.998061933620000286e-01 3.614428944766572699e-02 4.765014379464453664e-02
3.750000000000000000e+01 1.250000000000000000e+01 6.000593110230000304e-01 -5.997330176270000424e-01 3.223453737636298305e-02 4.316464529650178988e-02
3.750000000000000000e+01 1.250000000000000000e+01 2.999661466119999953e-01 -2.999265391300000028e-01 5.889950232393153465e-04 3.648246753157492923e-03
3.750000000000000000e+01 1.250000000000000000e+01 2.422075468840000051e-06 -1.560175354150000026e-07 4.260964688304284993e-03 6.250342575638700863e-04
3.750000000000000000e+01 1.250000000000000000e+01 5.999358354449999542e-01 -3.999670709450000028e-01 2.572410965266634306e-02 3.500166279681892617e-02
3.750000000000000000e+01 1.250000000000000000e+01 5.999134467829999595e-01 -5.397569651290000281e-06 8.251855315183716580e-03 1.303239075804966778e-02
3.750000000000000000e+01 1.250000000000000000e+01 2.999546478469999888e-01 -2.560790730060000074e-05 8.717177785532979374e-04 2.377722619075335294e-04
3.750000000000000000e+01 1.250000000000000000e+01 6.000438823799999488e-01 -3.998661741030000161e-01 2.398817740214694363e-02 3.298962800396169209e-02
3.778402150012215799e+01 1.221597849987784024e+01 3.526687907120000243e-01 -4.006831315150000128e-01 2.381096118294064295e-03 7.111489585273894805e-03
3.799807969275083508e+01 1.200192030724915959e+01 5.606577018920000377e-01 -1.940850355260000104e-01 1.106288633252084687e-02 1.721289868506448856e-02
3.844464987289114788e+01 1.155535012710885212e+01 5.226290380360000265e-01 -4.482499752179999741e-01 1.728892721749410860e-02 2.583519077654692839e-02
3.880179171332586918e+01 1.119820828667413259e+01 2.998178965109999927e-01 -1.717243246369999921e-01 1.510429688118531376e-04 1.348572232735417232e-03
3.922645981469511156e+01 1.077354018530489199e+01 8.001383855970000125e-01 -4.265495283340000054e-01 1.225281881422813773e-01 1.341919680243065516e-01
3.941350836332839691e+01 1.058649163667160664e+01 4.272072868419999891e-01 -3.353251978420000029e-02 4.184642830345402056e-04 2.255334073196581940e-03
3.999799959991998577e+01 1.000200040008001423e+01 4.000441080739999822e-01 -7.993757770339999791e-01 1.878392449417974966e-02 2.967243784946197588e-02
