1.0 -0.16624534258844248 0.500006785023 -0.899703034225 0.00021412645850605317 6.677439833492536e-05
1.0 0.16629844069827432 -0.49997637681 0.899800287425 0.00014612316126471614 5.6470009858455645e-05
1.0 -0.16623315841492037 0.499980906682 -0.89964786202 0.00046931545678512377 0.00017409584438094972
1.0 0.1662759332030974 -0.499971005341 0.899740802191 0.00031865904284952775 0.00014076736796061296
1.0 -0.3326116163163769 5.55961806257e-05 -0.79973884392 0.0002935076994434607 0.00010876340540838188
1.0 0.33260114286540116 -0.000101040812844 0.799759107702 0.00045359388906994366 0.0002819162988145904
1.0 -0.16630100886645133 0.400002613238 -0.799832698385 0.00023572042087192607 6.976157703036306e-05
1.0 -0.5257898410795575 -0.470684177846 -0.793448844324 0.00034910047561300344 0.00023315742000573156
1.0 0.49908125000623893 0.400011354106 0.799907395909 0.00038578259218281845 0.00035805448622467425
1.0 0.16633619217220352 -0.400001421475 0.799916096272 0.00020206401415202258 6.774787833888456e-05
1.0 0.499100803492354 0.400041208769 0.799924552819 0.0006935807831479016 0.0005832269301768129
1.0 -0.1663291881914425 0.399960578741 -0.79985841418 0.0004054034513585316 0.0001383105374376663
1.0 -0.49905811329377875 -0.40000233413 -0.799860789321 0.0002508522499378576 0.00020747280583596005
1.0 0.16634701635663718 -0.39995737464 0.79989807354 0.0004989266520663409 0.00022730548466439723
1.0 -0.49903331942370793 -0.399974420371 -0.799829092286 0.00024677675615564215 0.00016257909040132127
1.0 0.35861197157887614 0.135561751554 0.726632988625 0.0004421886366562214 0.000265577423771966
1.0 0.11509995699830972 -0.419839603751 0.696569287598 0.0006339660871171334 0.00030060245386874003
1.0 0.6342562750734778 0.731186669536 0.793727353513 0.0021425960341291 0.0019202811961120361
1.0 -0.2496496491817965 -0.200198064124 -0.400023432845 0.0003841260484810555 0.0001592284323826115
1.0 -0.16642944588985784 -7.69375917008e-05 -0.400061942952 0.0007693527369699082 0.0003685050107293054
1.0 0.16634842646948278 -2.82725436903e-05 0.399972361715 0.0005802719770056746 0.00027687359616112585
1.0 -4.446578246020815e-05 0.799781535736 -0.79988844283 0.0005566367354022569 0.0002455943457104461
1.0 1.481822238952766e-06 0.499495909662 -0.499492346983 0.0007052742363611822 0.00033566923507356486
1.0 -0.08325637136818584 0.199908553657 -0.400078127372 0.0006122170530010871 0.00027086719096420614
1.0 0.08305296731200885 -0.200240438521 0.399920976952 0.0008863774209007168 0.0004678616390973988
1.0 0.830195307197469 0.998000728154 0.998000755108 0.004628674820002253 0.004422705594926912
1.0 -1.3612308451324576e-05 -0.500000743441 0.499968015976 0.0005290664585677369 0.00022278921970629546
1.0 -0.7483136660002743 -0.899568306491 -0.899568805382 0.0002984297354187953 7.421934102930503e-05
1.0 1.816741327420896e-06 -0.499501865182 0.499506233092 7.791029916893919e-05 5.6611712769568455e-05
1.0 0.49910764753835407 0.599991103591 0.599991112831 0.0003953380076370606 0.00035200214553159233
1.0 -4.4133571960011504e-05 -5.32285340701e-05 -5.28798410678e-05 0.000882648231623483 0.00046641635623529754
1.0 0.6653145398489646 0.799792895488 0.799793125851 0.002386182026118721 0.002166943082172127
1.0 -0.6652742318574514 -0.799744603788 -0.799744506848 0.0004113930820939934 0.00021983506144193616
1.0 -0.6653725656342832 -0.799862764462 -0.79986276568 0.0003058661000545333 0.00013644544131098947
1.0 0.49913199802872565 0.600020363324 0.600020397894 0.0009236417225159412 0.0007496749103862089
1.0 1.0111739241739823e-07 1.20921763909e-07 1.22190264669e-07 0.0009478912163739622 0.0005081978446086264
1.0 1.0113333485815931e-07 1.20945405263e-07 1.22204953013e-07 0.0008462441412812444 0.0004394644760183026
1.0 1.0127082416196459e-07 1.21129378948e-07 1.22351538718e-07 0.0009620887760678314 0.0005469407616411231
1.0 1.0111602797370795e-07 1.20916716917e-07 1.2219203119e-07 0.0011273928172232197 0.0006548517944655521
1.0 1.0117359430075222e-07 1.2097214812e-07 1.22275004135e-07 0.0009303338865290582 0.0004968624344069171
1.0 1.011021470456991e-07 1.2089943421e-07 1.22175940602e-07 0.0008889222107324275 0.00046615795923931344
1.0 1.0111844568157522e-07 1.20918013158e-07 1.22196547736e-07 0.0010061296464197603 0.0005493515360863916
1.0 1.0096036897692036e-07 1.20706276316e-07 1.2202822782e-07 0.0011907699722796716 0.0006892298470398454
1.0 7.975388746390531e-08 9.65992042856e-08 9.51495038723e-08 0.0011188816065655395 0.0007054267334608745
1.0 -0.8062727167425752 -0.969242733008 -0.969242734905 0.000493031419054554 0.0002240543517580412
1.0 -0.3639400621356372 -0.437502219052 -0.437502611189 0.00013453503187524615 8.490432457255128e-05
1.0 7.818971975499027e-08 9.48400673307e-08 9.3147982293e-08 0.00016744358362956856 0.0002666275713237559
1.0 0.16640077547654866 0.20003497356 0.20003497599 0.0003303495047086 0.00012449828321013342
1.0 -0.3639946194686106 -0.437567999996 -0.437568000003 0.00046031720464740397 0.0003173287035037488
1.0 0.36314778760853983 0.436549999997 0.436549999998 0.0005022050997828307 0.00029560453301738623
1.0 -9.450103085907964e-08 -1.13493976198e-07 -1.1371062991e-07 0.00041985322724358287 0.00017841169226994282
1.0 -2.4239486690136282e-09 -3.67050658542e-09 -2.1572848954e-09 0.0006269890052903644 0.0002882727110385476
1.0 0.7069346285953717 0.849825672617 0.849825668474 0.0015917617020076154 0.001449636113561877
1.0 0.7484540410304601 0.899737307658 0.899737301628 0.002097479051276604 0.0019355617431047049
1.0 -0.3640094444644071 -0.437585851205 -0.437585791869 0.00014788426003737112 8.280872386578258e-05
1.0 2.2033742465401772e-05 2.65408380851e-05 2.64339044381e-05 0.0007415132006850195 0.0003619911977561047
1.0 0.36400226679036285 0.437577200796 0.437577185317 0.00017908053466108076 0.00010417265995471005
1.0 2.177040248530177e-05 2.62106336146e-05 2.61309723607e-05 0.0007486865058920517 0.0003667257117562455
1.0 0.41596869657379654 0.500047452012 0.500047499325 0.00017922607514395483 0.00015301070573679295
1.0 0.8064900530973451 0.969503999999 0.969504000001 0.003671219661213552 0.0034732209384338614
1.0 -0.16635518460767257 -0.199980174996 -0.199980162465 0.00030350646113261266 9.974436371336441e-05
1.0 -0.499091594706239 -0.599971830692 -0.599971790623 0.0002347384775534896 0.00015368458914928422
1.0 0.665358818452053 0.799846238327 0.799846240079 0.002582509805779022 0.002348357482898397
1.0 0.7899213607468585 0.949586305767 0.949586327518 0.0029086771246226717 0.0027281106395526025
1.0 2.1740082317797346e-05 2.59902617848e-05 2.62784467665e-05 0.0007038276470177966 0.00033685496957432684
1.0 0.8270724445334248 0.994246477574 0.994246846517 0.004442754960259751 0.004239053150447927
1.0 -0.665287005578177 -0.799759895663 -0.799759926259 0.0002828203350843997 0.00012276656435790918
1.0 0.7982139956077257 0.959555089678 0.959555155081 0.003404606649222578 0.003209788790493891
1.0 0.665381569443416 0.799873613923 0.799873563675 0.0010624855591775146 0.0009662949917347154
1.0 0.08314511753605291 0.199950180789 -4.80896916813e-05 0.0009347169907741812 0.0007081327040338764
1.0 -0.6653896258802036 -0.799883141338 -0.799883405991 0.00031095844754803055 0.0001254847207178689
1.0 -0.36399681522750443 -0.437570604757 -0.437570674407 0.0007186185838425242 0.00043645506805692596
1.0 -0.4990792091119292 -0.599956872698 -0.599956970486 0.00024361303111115098 0.00020335427068915367
1.0 0.6653833988576903 0.799875676879 0.799875899098 0.0012153936021250384 0.0010989304171325899
1.0 0.665415301043531 0.799914264418 0.799914012559 0.0024392357792094492 0.002216561977747071
1.0 0.08314379127753302 0.199950923174 -5.20207407823e-05 0.0009962634505031019 0.0005473127786234792
1.0 -0.36397089395637167 -0.43753905849 -0.43753989932 0.00014190635263234126 8.312226368830525e-05
1.0 -0.665643013058407 -0.800507256936 -0.799868497864 0.00040151996541501256 0.00022352676141643523
1.0 -0.14381164178328318 -0.244009450608 -0.101750454105 0.0006127773162006163 0.000283212841273467
1.0 -0.12480358844242964 -0.300027884029 -3.18073325862e-05 0.0006205562602920846 0.00027759583302677923
1.0 -0.08322856813270824 -0.200049571205 -5.31564332134e-05 0.0014351417069213758 0.0013844494025600914
1.0 0.1247388738043095 0.299950734213 -4.6633364341e-05 0.0008794601130561013 0.00046756470319532257
1.0 0.05795733723626549 0.458944178229 -0.319599941895 0.0007420645279184597 0.00036957300127434477
1.0 5.6853221415799924e-06 -0.599969375919 0.599983044885 0.00031844493762602546 0.00011311482030514698
1.0 0.561538567358938 0.68240516816 0.66767691932 0.0012553346314661564 0.0010866506927804222
1.0 -0.00031035663685844534 -0.800529034589 0.799782857994 0.0005550166005854646 0.0002433842740353729
1.0 4.708206407967879e-05 -0.899630844556 0.899744041859 0.0005351131409807904 0.0002583116275656206
1.0 2.2356389345152158e-05 -0.79984246617 0.799896216638 0.00024694241282648176 8.934239832982102e-05
1.0 3.359079352212142e-05 -0.59991105657 0.599991817414 0.0006189306372100316 0.0002826048090466631
1.0 6.69951946106156e-05 -0.799757681307 0.79991875486 0.0003754782772018139 0.00015350695309164898
1.0 0.00010280458736280107 -0.799706344643 0.799953513119 0.0005687689813682454 0.0002545146664468426
1.0 4.2549753424785575e-05 -0.899685955589 0.89978825606 0.00020430510802579608 8.632768485450893e-05
1.0 0.3305336920669911 0.506666394986 0.288020992324 0.0006232662351682288 0.0003756663102486901
1.0 0.08310736667132745 0.599871701123 -0.400060372743 0.0007454482067852086 0.0003740824763515766
1.0 0.4158233589483717 0.599857590977 0.399887931601 0.0004983265714246824 0.0003510275321482223
1.0 -0.41610026788216814 -0.600419715134 -0.399991567221 0.00033877724219616293 0.00016579881190791147
1.0 -0.08339342384400882 -0.60044573861 0.399946655751 0.0005358739835539807 0.00022559042365181002
1.0 -0.24953738559035588 -0.5999577114 6.12476786775e-06 0.00019331954906786497 5.380981383131718e-05
1.0 -0.24954849465819878 -0.599968038285 -1.02573825843e-05 0.00031270254424619747 0.00010778353109797234
1.0 0.24955047191655008 0.599980017325 3.03217649277e-06 0.00019797609611623885 6.701020192944275e-05
1.0 -0.3639297817000266 -0.62496553542 -0.250014578029 0.00023515596319267402 8.10506788934641e-05
1.0 0.24954566267533784 0.599964597756 6.88910172714e-06 0.0004816797874283149 0.00022710321135425784
1.0 -0.3639108907849734 -0.624943094889 -0.249991599977 0.0001555235706317808 7.441628593260179e-05
1.0 -0.24971408282163376 -0.600395197698 1.8785807689e-05 0.00039632516224039153 0.0001599210455259467
1.0 0.374319217125646 0.649960086792 0.249998882042 0.00016680267864948982 0.000111099616137342
1.0 0.37432535363697345 0.649960888856 0.250012833718 0.00042806785265294295 0.00026208944172153166
1.0 0.5460378242855309 0.779143104361 0.533671239134 0.001046046939514426 0.0009000568365563151
1.0 0.34965742515398934 0.75268508647 0.0879806378364 0.0004065318286491861 0.00023772489408410946
1.0 -0.12475939955232407 -0.299953615163 1.65175497463e-07 0.0009274898915883834 0.0005406263821336931
1.0 -0.17122897792973452 -0.754550131217 0.342871950237 0.0006450610932434335 0.0002887681131508046
1.0 -0.4027416022087699 -0.768582826408 -0.199710812945 0.0002672905037018165 0.00016710142540250325
1.0 0.582233905691646 0.899797939478 0.50004102527 0.0011658355266305777 0.001029052259490133
1.0 -0.5821589828589646 -0.89969091504 -0.499967916089 0.00032476455074230756 0.00017979371365915684
1.0 -0.374189795569026 -0.899655944881 8.13851291628e-06 0.00020935825220368378 9.217908046773363e-05
1.0 -0.5821896833891503 -0.899729295006 -0.500003348036 0.00031193109975465304 0.0001887812320668424
1.0 0.3742297456478172 0.89973612622 7.73033751787e-06 0.00032745399077199435 0.0002249806359010909
1.0 -0.37421405134696634 -0.899697323271 -8.80018021692e-06 0.00016477063234217993 0.00010691161507830167
1.0 0.5822267441169734 0.899805253084 0.50001649341 0.000631923937139529 0.0005929683651902997
1.0 0.3742511797759476 0.89979327394 2.11573408668e-06 0.00013247164178117513 0.00014294175498060857
1.0 -0.20775741056535774 -0.499501999999 1.40554629323e-07 0.000715321513645466 0.0003333166581596821
1.0 0.20776000758106142 0.499507999998 1.03335190226e-07 0.0013408015792423628 0.0008571993621094251
1.01 0.311298286639676 0.249968490735 0.499963472467 0.0005151537872264092 0.0002731547020687252
1.032 -0.22521157899617922 0.223241389806 -0.783742792673 0.0004078835644677698 0.00016760512328350377
1.035 -0.09782130355942854 -0.228140654772 -0.0023649462548 0.0008957378989690406 0.00048063490014426194
1.08 0.2723686785383548 -0.000137820591851 0.686524741271 0.0012804942434576183 0.0008333307112919664
1.109 0.1091992323017599 -0.136747559106 0.434629127864 0.0014552440947919437 0.000895339207378888
1.129 0.2838079064837199 -0.00557946036246 0.74181966415 0.001613854018250386 0.0011009733839740337
1.147 -0.05090503254000242 -0.10523681485 -0.00913355549311 0.0007779520737285418 0.00037886306596945116
1.151 0.06451805306880526 0.710161815672 -0.671696221914 0.00031496359938797206 0.0005770493859480854
1.158 0.37308010796466823 0.799736754383 0.0284620366004 0.00044683163395537286 0.0006513761123409454
1.175 -0.10180600157837262 -0.827690099067 0.734106450265 0.0026029029536391757 0.0018328291271976834
1.186 0.33491284964360657 0.419942417905 0.380019411669 0.0006808554538177568 0.0004096715606239359
1.198 -0.2701926685501418 -0.207346713189 -0.469549068806 0.0002528138050218725 0.00010329695132815454
1.202 8.358804520629356e-06 -5.04190424195e-05 8.54380825816e-05 0.0006095770303463153 0.00027687034447402106
1.203 0.00270187704030483 0.390150308681 -0.479875258678 0.00013244982975660314 0.00020096615787831712
1.217 -0.014180146448693799 0.380153489028 -0.519877052065 0.00015427586715441283 0.0001490775695492866
1.218 -0.006932050359539877 0.330838968281 -0.438154943537 0.00015340253369451801 0.00014976978198269622
1.22 -0.007637828221865348 0.330010802199 -0.439871970754 0.0002307515842876968 0.0001351669568208374
1.221 0.00010355041930173664 0.000145609380623 9.70591619125e-05 0.001201456639525471 0.0007046829794595308
1.221 -0.007526416986964275 0.329976580046 -0.43994832522 0.00018729565894977395 0.0001328168659071598
1.228 -0.023059417651384605 0.310072260694 -0.459918925798 0.0001997838539319273 0.00010949164445805905
1.228 -0.06227819897289881 0.319971950994 -0.579849149789 0.00024135903985403136 0.00018598566113030274
1.246 0.46929602189059694 0.411928577093 0.759272586604 0.0019625379560360904 0.001552955514888223
1.25 -0.005501037916706544 0.600073302049 -0.799778727755 0.000596617488536256 0.0010040134197514374
1.25 0.2891983110558109 0.000151919629602 0.799992469376 0.0037363371851284097 0.00291072527389605
1.25 -0.572698860189509 -0.600343576112 -0.799705774072 0.00032679896247622616 0.00019638380602674576
1.25 0.19461054741611464 -0.200029263751 0.799999064759 0.004486587410030108 0.003487688115203339
1.25 0.1000258978450243 -0.400165224501 0.799955150829 0.004556728083711785 0.003492255362473479
1.25 0.4782062413489113 0.400139285381 0.80000583972 0.0024977130580912162 0.002031620213151805
1.25 0.005437592324696244 -0.600308998951 0.799911337065 0.005191550758136649 0.0040074850934102985
1.25 -0.19464754118317207 0.19983738201 -0.799850550678 0.00013808578054693782 0.00017624500930000998
1.25 -0.3837274474045108 -0.200311794727 -0.799851515689 0.00024581516977659125 0.00022628303440877108
1.25 -0.2891421317908825 -0.000149024791456 -0.799840810175 0.0001476373975722653 0.00018572709011903559
1.25 0.013387711937591274 0.380123742053 -0.459944817719 0.0001597849521893284 0.0003781852001145275
1.25 0.14461019596112606 0.00010506770919 0.399988726055 0.002381248353230999 0.0016554977481726318
1.25 -0.144611324930712 -2.50830978559e-05 -0.400096424635 0.00029749071449377304 0.00010935269775196305
1.25 -7.370490859990373e-05 -0.00013651341692 -2.54535974111e-05 0.0015782667659602376 0.0009986050399697778
1.25 -0.5227307991851342 -0.800380232098 -0.399912485223 0.0003547145077536901 0.00015637605888823566
1.25 -0.00017341069539842687 -0.000192360521025 -0.000228315852947 0.0017211887760815174 0.0011662057399128613
1.25 -0.23364301232426193 -0.800402621097 0.400002069057 0.0020127581326775147 0.0013373845185443887
1.25 0.233358340037164 0.799762677154 -0.399953050886 0.0016050619763736203 0.002217323079574749
1.25 0.5224682576287891 0.799747589575 0.400013191404 0.0007652439970148376 0.0009074347232319464
1.255 -0.1942330678881368 -0.799743761785 0.511790929031 0.002318684202471953 0.001566120205141382
1.272 -0.04743630741902903 0.320013016037 -0.560017849765 0.00015579047101633786 0.00017652415289617332
1.279 0.11372035930763161 0.292827487717 -0.0740730406375 0.0003885422317361275 0.000160876451663885
1.282 0.062419374250814584 0.723734029888 -0.799746224993 0.0015599099908886608 0.002223106498544548
1.283 0.28874544420021264 0.00967397539295 0.799765563861 0.004427011069444732 0.0035158907860577434
1.31 0.15075006349053413 0.961208802868 -0.899107859547 0.00635259704968731 0.007632411560079362
1.326 0.14638230770448662 -0.0949460823579 0.55447978185 0.003819503239631903 0.0028741371331888455
1.33 -0.6559348840259709 -0.775210026528 -0.799590852351 0.0003717888788921326 0.00014053777196586245
1.386 -0.020313674577926252 -0.58129509439 0.799911831499 0.007843701992929367 0.006331218961581079
1.399 -0.282606522812519 -0.710930082225 0.22042719202 0.0021473850678037348 0.0014184625721591594
1.41 0.38503374700865267 0.500003562202 0.399998684378 2.7888391329424138e-05 0.0001722377677068953
1.45 0.6137908669136177 0.697763404354 0.787668362791 0.0025482566250612675 0.002241883313884518
1.466 -0.018468220303775727 0.0277508017529 -0.100836195709 0.0012352093374401493 0.000707021048994549
1.5 0.796377092655029 0.949893478455 0.949303274786 0.004105131603949267 0.0038899333297865457
1.5 -0.35924303942674973 -0.200141045564 -0.79961715359 0.0001655161098539182 0.0001904830714329126
1.5 -0.2553267999637499 -2.40141393725e-05 -0.799626364917 0.00023937664885394523 0.0004475861264412108
1.5 -0.047658391303090616 0.399892804657 -0.799642682775 0.0011469819693119578 0.001774186226323906
1.5 0.2552580080113869 -0.000163735472698 0.799716266708 0.009139482924275124 0.007700548155011243
1.5 0.05619160724573058 0.599866435099 -0.799626130622 0.0037210448446361177 0.004800978203508167
1.5 0.15132307189702018 -0.200319096228 0.799729259729 0.01048477246065839 0.008811644776861381
1.5 -0.09992000318616 -0.499517 0.499464999999 0.0063778237678525414 0.005024418120960903
1.5 0.0999250346889076 0.499522999998 -0.499459000001 0.0020931425529096513 0.0029095145272905244
1.5 0.5668091867437841 0.599684099132 0.799888446923 0.003670923018138811 0.0032078550130359242
1.5 0.415439274545979 0.80007627199 -0.000106364098602 0.005013123710794816 0.005838489798056064
1.5 1.521134936561416e-07 1.47347113534e-07 2.36765414661e-07 0.0014627709927528597 0.0008765590318324029
1.5 9.449549150606011e-08 8.64427645114e-08 1.55363889098e-07 0.001452776560299461 0.0008607376984710891
1.5 4.7801079302782506e-05 3.19013830056e-05 9.78256321077e-05 0.0013059729657870724 0.0007584036086121132
1.5 -0.5433529692123791 -0.800477735367 -0.399857317341 0.00042584691345280435 0.0001919539892119981
1.5 0.4192865836905806 0.499985954748 0.500005768637 3.267003566121428e-05 0.00019491249671861607
1.5 0.12772190393907806 -7.89224863575e-05 0.400144299241 0.004190715335115271 0.0031600585810445656
1.5 0.28756357225448037 0.799731332477 -0.400042985726 0.008047537351504297 0.00932599764790647
1.501 -0.2594840614588968 -0.499523999999 1.33703095489e-07 0.0013708764565000052 0.0008185820423679419
1.501 -0.259481957053231 -0.499520000002 2.1691434624e-07 0.0015633883621418675 0.0009840710704707859
1.501 0.25948417914219246 0.499524000001 2.35041657142e-07 0.0001286474065943165 0.00025247454525241536
1.501 -0.25947933413000446 -0.499515 2.97155851127e-07 0.0009317283040550693 0.0004959002474545949
1.501 0.25947847241292443 0.499512906015 4.11085265413e-07 0.0001298006190292144 0.00028099758837125125
1.518 -1.045630635367115e-05 3.19251523287e-05 -8.56914900576e-05 0.0010744763351888094 0.0005868551800865687
1.519 -0.6305182516712078 -0.728628690705 -0.789301138518 0.00048364777939070337 0.0001768512945440606
1.524 0.23795117372596122 0.0101729142906 0.736746439061 0.009440164717357518 0.00795148909410695
1.548 -0.5184848326136636 -0.799842483725 -0.309608332274 0.0006012075721430776 0.00027778814782077776
1.55 -0.5433750850026878 -0.556963537106 -0.799605839673 0.0002594495638126085 0.00017909643173734478
1.593 0.053473090161781235 -0.327588339957 0.747191606962 0.6808924629308812 0.6826117612119076
1.63 0.12592387162264584 0.400006079655 -0.299983545203 1.9759793179762558e-05 0.00026874504933250534
1.66 -0.09822807985424456 0.199296208987 -0.696451973086 0.000401310876296551 0.0007969482472938003
1.708 -0.21175339341249338 -0.787563932112 0.767468791042 0.00900257694179654 0.007345568710049065
1.75 0.5638163627534117 0.60019045799 0.799745803546 0.005125414639455418 0.004525668986242371
1.75 -0.22846362145645138 0.000140338338325 -0.799604621306 0.00021504437863177487 0.0004636361270647672
1.75 0.10666401377469398 0.600135129331 -0.799594401832 0.009393788515035249 0.011076276471588568
1.75 -0.1167633512360188 0.200120098955 -0.799596340115 0.0008298136343272795 0.001401652889433057
1.75 0.4520782640610552 0.400069974645 0.799880170968 0.008644671799824703 0.007578488683212021
1.75 -0.10673056127546172 -0.60033405856 0.799750317529 0.013418075989330968 0.011293976028991789
1.75 -0.45210711032550327 -0.400215110803 -0.799697471412 0.00018461086344520816 0.00016431502018500737
1.75 0.34032134833333916 0.19995045192 0.799946825601 0.012250862104039709 0.010686949440223525
1.75 -0.5638831292235241 -0.600338007814 -0.799691059416 0.0002965308043933322 0.00014710434775952097
1.75 0.11439545226602184 0.000201870033387 0.399843228605 0.006783679189236986 0.005393407698838742
1.75 0.11677856650892088 -0.200272386321 0.799947173544 0.017003107020978334 0.014705217090424402
1.75 0.2285458154716538 -0.000170754961429 0.799951635257 0.015088656016168132 0.01309664906495811
1.75 -0.3327622339136893 -0.800442597331 0.399980064359 0.004124938613593945 0.003052769375931099
1.75 -0.11436806104061967 -7.61016936479e-05 -0.399993170413 0.00039877763254240507 0.00013625482988575526
1.75 -0.5615037026095012 -0.800622655698 -0.399970548673 0.0007180383745221998 0.00037481219706608185
1.75 0.3324760625824941 0.799926319134 -0.399972388827 0.018728365071719513 0.020549935698115196
1.75 0.5609866144095086 0.799632484984 0.400096389713 0.0028631957511688847 0.003278176548428868
1.776 0.10032535768806311 0.0332284492026 0.288764149284 0.004647898850220014 0.0035177694479812463
1.78 -0.3380120712965579 -0.399972321385 -0.399963393192 0.00011773714568653246 2.7538238251441138e-05
1.787 -0.2219568815079683 0.00090596634782 -0.790457297091 0.00018523473824232057 0.0004188264760669665
1.83 -0.17427419270594569 -0.499967317873 0.40000742801 0.00019888792624929435 3.811854309572812e-05
1.832 -5.059493083627985e-05 -0.000150020652343 0.000126418627088 0.00220113475557752 0.0014045794107527382
1.851 0.6414876272606606 0.79988131933 0.669003141585 0.0009593028657402274 0.0009336523830034359
1.897 0.18924761568940845 0.698848833364 -0.79966622506 0.02200069044951405 0.024361385872370998
1.929 -0.19869277396914467 0.0154184087181 -0.781343997741 0.00031842144169641403 0.0007018421677444523
1.949 0.148423941096555 0.00852399236697 0.543855385016 0.011694261618126105 0.009814301886715823
1.973 0.5037407441297147 0.799807974071 0.12627468861 0.01178986291665223 0.012835592751292299
1.981 0.16541928557636942 0.245785322589 0.0787364543979 0.001360882139576122 0.0007922642606971231
1.994 -0.047256500034354096 -0.0210236458802 -0.134366672087 0.0018214138806591721 0.0010972065426490326
1.999 5.954429954604934e-05 -0.371315271613 0.849659288808 0.019616254377347635 0.016880675143650523
1.999 8.203204465968839e-05 0.37145859092 -0.849439893697 0.005223674604343882 0.0066404706257478146
2.0 -0.00010145255686527105 -0.37139537059 0.849721809296 0.020509240876684882 0.01771199457249159
2.0 0.29589471482850155 0.128673834147 0.849670254084 0.018286403897675312 0.016157977687000072
2.0 0.0001793098471936927 0.37147155462 -0.849595124588 0.004328713151409148 0.005617915580683367
2.0 0.29585824055215837 0.128627664472 0.849634892127 0.020222894376188214 0.017953599869532946
2.0 0.20689388501703215 0.000215974893051 0.799547772535 0.021841489041145697 0.019282723841082067
2.0 -0.29588544285571783 -0.128687213665 -0.849603774745 0.0001561707321122885 0.00042361439421441014
2.0 -0.2958863652288318 -0.128717085261 -0.8495389662 0.00016991671334558393 0.0004530212711050311
2.0 0.29604983249131267 0.871258476436 -0.849486399889 0.06335846477531669 0.06670514535330123
2.0 0.22184204517083977 0.199988949495 0.400076092558 0.005884843283420645 0.004654251780452902
2.0 0.680451512995349 0.800085834633 0.799876487708 0.0025872017478785936 0.002352683168208627
2.0 -7.163452187589381e-06 3.40155474133e-05 -0.000105561180295 0.002498981514324139 0.0016220509169409256
2.0 0.3551826250449902 0.600070882447 -8.34279936843e-05 0.003102215883226648 0.003868889043522224
2.0 -0.2960089346456312 -0.871278761122 0.849690979699 0.009256936967562003 0.00743503418726584
2.0 -0.7227826903026204 -0.849871883914 -0.849608828599 0.001498116465198552 0.0009594592972465398
2.0 -0.20685110819037902 -0.000123623232039 -0.799593748456 0.00020053776769292578 0.00045729401312680153
2.0 0.10339682350216041 -8.5587540528e-05 0.400023168065 0.009559764551787576 0.0078081995516073414
2.0 -0.1034603305751458 -6.90351522463e-05 -0.399914817617 0.0004835805225765106 0.00016996843099452514
2.0 -0.34045464266501774 -0.400434275003 -0.399927521059 0.001031024646811736 0.0005278934964810971
2.0 0.7228086192128692 0.849845342039 0.84976984727 0.0011520692663862047 0.0010485933770556569
2.0 -0.29597925415316223 -0.871221610864 0.849674936374 0.010415062793747626 0.00847198861439638
2.0 -0.01509861757114159 -0.200242586132 0.399964801451 0.010530030883657452 0.008577802770199013
2.0 -0.7227946639963816 -0.849880769496 -0.849634791056 0.001587006083813008 0.0010095344488211583
2.0 -0.6807062472156116 -0.800616864829 -0.799646010613 0.0010924278290335716 0.0006366909266450046
2.0 -0.26703899410799803 -0.800515276369 0.799739693408 0.012270546550828263 0.010131830202295121
2.0 0.2000818197721121 0.60007319103 -0.599851141794 0.01278378129079513 0.01463869462557586
2.0 0.1551978613444774 0.000145817738971 0.599803964671 0.013638851853398234 0.01158086344272406
2.0 0.3402245430532528 0.400042605275 0.399934265816 0.0023571933674145645 0.0017414528898125109
2.0 0.2960112267759666 0.87126253279 -0.849644969994 0.055138447142593555 0.058300057477637335
2.0 0.7228389424987217 0.849873592271 0.849822440966 0.0027129565675479586 0.0025024589350911013
2.0 -0.07756520281409846 1.92859436652e-07 -0.299938887313 0.0010205167077912479 0.0004913034349667039
2.0 -0.51030133353847 -0.600002665895 -0.599904377718 0.000450160577466665 0.00016520569267905154
2.0 -0.0775737383594137 1.06466685453e-05 -0.299995822076 0.0006346537383599714 0.00025499754685134716
2.0 0.11832620819612269 0.199855451192 9.41905622539e-05 0.0012869766548575467 0.0007245619466891731
2.0 -0.11831191412571791 -0.199811656237 -0.0001391620197 0.0034399438194441683 0.002513449206493096
2.0 -0.15511342421200752 6.86286135106e-05 -0.599968315015 6.499923265209012e-05 0.00012089861281677407
2.0 0.4252860943973796 0.500050226443 0.499945709823 0.0019832803935929 0.0014941984927915048
2.0 -0.2551935748302301 -0.30005110733 -0.300004178668 0.0013681661189489116 0.0007479291079124897
2.0 -0.17759152558003932 -0.300023644158 1.38869513916e-05 0.003427939082419218 0.002364564326810874
2.0 0.10002220570391149 0.300059917345 -0.300051281524 0.00019050154631237794 0.00047077057737348373
2.0 -0.10002228570651424 -0.30005038766 0.300029158965 0.00778975589881634 0.006100354322463697
2.0 0.17757338533923694 0.299997007533 -2.30632884488e-05 0.0004230765077267729 0.0001714329149350482
2.0 0.42485489862426545 0.499537454078 0.499452032494 0.0011340925707050387 0.0007749059182344353
2.0 0.1551368553888128 -2.34575632498e-05 0.599955526173 0.012497194601756514 0.010519173716841395
2.0 -0.42485634910204917 -0.499537354331 -0.499457869694 0.0008008719564930138 0.0003730207833248586
2.0 -0.5103148045340276 -0.600036651953 -0.5998786758 0.00041238192974357924 0.00013115499154506928
2.0 0.5102758974698447 0.600006121693 0.599798108242 0.0017851702559233914 0.0014238559247606608
2.0 0.13338620670143067 0.400118024197 -0.400065697153 0.001729250202633661 0.002513206208297908
2.0 0.2000384135526962 0.600021501444 -0.599900674092 0.014536001218539665 0.01650871036630153
2.0 0.5102784111987159 0.59992834899 0.599985848278 0.0009333400163786676 0.0006891338230284691
2.0 -0.15516440257851005 -5.83816592072e-05 -0.599874721154 6.400172416138538e-05 0.00024170112513986972
2.0 -0.20003838841555163 -0.600025546151 0.599910029522 0.009539479120511314 0.007670756950643959
2.0 0.25512576425279937 0.299963708058 0.299942015187 0.0025491549400981544 0.0017987982851500781
2.0 0.07758451713992401 3.19079256889e-05 0.299940096426 0.006491795799388404 0.005054199831781144
2.0 0.09999436469970896 0.299963567495 -0.299938398222 0.00011450564479460444 0.00035252729737189777
2.0 -0.09999238754077092 -0.299962121951 0.299942734926 0.007884987031660276 0.006205231461051189
2.0 -0.25512432528734513 -0.299962175531 -0.299939958736 0.0013519242101536547 0.0007386739334670673
2.0 -0.19999607622358015 -0.599956961112 0.599916658061 0.009642427394865495 0.007771877715252991
2.0 0.014993815825051134 0.200115318349 -0.400078748867 0.00010245642152182706 0.0001732258196778783
2.0 -1.3062420068983087e-06 1.85749017003e-06 -9.30287910028e-06 0.002200702357994316 0.0013864433624912094
2.0 0.3551720045971039 0.600024488477 -1.83018551306e-05 0.004001075176099613 0.004887551245303975
2.0 -0.42527462349182793 -0.500013627149 -0.499985127557 0.00042094661025435904 0.00015258033672275206
2.0 -0.3551436654037227 -0.599961725541 -1.57754368972e-05 0.002134218207353467 0.0013409412109079873
2.0 2.84322112693762e-07 2.49131120301e-07 5.29196403758e-07 0.0021149058513001326 0.0013199639817464332
2.0 0.3551460013737028 0.600006882204 -7.85539534308e-05 0.0030966987628316843 0.003865636041395557
2.0 -0.3554150355418568 -0.600463016195 8.2298871945e-05 0.002891861881507622 0.0019499948247740033
2.0 2.3671165739160688e-05 4.1408427413e-05 -3.24828040266e-06 0.0027264291677215357 0.001802273845577645
2.0 0.2516903358566883 0.600015470105 -0.400153009266 0.008972540811129982 0.010459684962629657
2.0 -0.4589144463287109 -0.600491829168 -0.400075706301 0.0008973907887770203 0.0004676323553179988
2.0 0.25508608664254084 0.29985095146 0.300046681888 0.002512564399038907 0.0017787070978912446
2.0 -0.22189876904710817 -0.200133850429 -0.399963764877 0.0008400957823647681 0.00037921032049778136
2.0 -3.65853357691e-05 -6.6674636096e-05 1.11438952571e-05 0.002554420242016997 0.0016625766474850524
2.0 -0.35512753196964514 -0.59993249696 -2.02921795026e-05 0.002371270573479115 0.0015442859424739737
2.0 -0.1775586341710643 -0.299962133468 2.79071344433e-07 0.003532878159704673 0.002455030212568557
2.0 0.17755964255845924 0.299963578864 3.11809220679e-07 0.0004012892801986916 0.00014660086962240394
2.0 -4.0112338134526114e-05 -7.01521110662e-05 5.46510638418e-06 0.0024405293431733087 0.0015746202126853935
2.0 -4.175874521034002e-05 -7.90813341498e-05 1.95373356626e-05 0.002538851451791434 0.0016524227789610894
2.038 0.38661484522008754 0.430162915007 0.50994327352 0.0029249566630110318 0.002254239051827608
2.038 0.1266055412551977 0.430140353244 -0.510018097152 0.003568453625638929 0.00468078858251793
2.208 -0.3853237574104173 -0.474095398048 -0.38911090609 0.0012324027827992495 0.0006454285233861684
2.23 -0.15777899597393824 -0.56238403105 0.799554209014 0.01739779530918112 0.014606509772749968
2.259 0.662518791197663 0.763095723272 0.799568016005 0.0030962539217722455 0.0027861808752764846
2.267 0.5080432741059961 0.514755640904 0.799510049216 0.011730315209084121 0.010568440819258854
2.316 2.9486622278744967e-05 6.22617712351e-05 -4.15578818604e-05 0.002997008120281028 0.0019653703846944435
2.325 -0.1625338347679908 -0.125615840471 -0.363345074365 0.0011206908108450863 0.0005773609958575931
2.352 0.3263569503478905 0.800164113854 -0.784292410454 0.07011949044040328 0.07350437289750025
2.366 -0.5323304910896185 -0.799785891291 -0.11600264217 0.00200446252047616 0.0012985776251614488
2.396 0.15201530255629603 0.239308345705 -0.000472719594595 0.0011714530881212879 0.000646219123112979
2.454 -0.6745840940056179 -0.799831582259 -0.733597821054 0.001986380297302468 0.0012531795232527258
2.5 1.142980050424705e-07 9.3726223667e-08 2.47751085117e-07 0.0035276530588327316 0.002350620908160402
2.507 -1.7011349114714446e-05 -4.65916814044e-05 6.04868629585e-05 0.0034030998175398493 0.002258899096058984
2.631 -0.41954788032507384 -0.79991670978 0.510738937044 0.006244710792890398 0.0045806244693160575
2.883 -0.4587774864342229 -0.44868306762 -0.799533418989 0.00044884811005659893 0.00018868194668369626
2.901 -0.3236089409177519 -0.560337195822 0.297379597643 0.007470666668523248 0.005465536305716548
2.983 0.25463575259211596 0.469939519226 -0.359902056062 0.007104345727173157 0.008669893574202217
2.995 0.6419201112362349 0.744987082743 0.696692219616 0.0014730598739264883 0.001292079306959455
2.999 0.00012008783663269157 0.231380430006 -0.849251403379 0.0032359381393041397 0.004604985415729889
2.999 0.3434162239312174 0.268689637723 0.849525445855 0.030403801983031643 0.02742661252348473
2.999 -0.3434404033186426 -0.731289774044 0.849542066773 0.009425965978491309 0.007044274840792128
2.999 6.225602656503848e-05 -0.231199993194 0.849563739591 0.0325690912761255 0.028216605629022527
2.999 0.7426858653331663 0.849987828485 0.84947784932 0.00088218020819894 0.0008457572093433531
2.999 -0.3435141918534375 -0.731394180144 0.849530971991 0.011061411110619005 0.008475186667916407
2.999 -0.7426963443664183 -0.850025099674 -0.849396984822 0.005400954761683803 0.004208276300098483
2.999 7.600560001046197e-05 0.23135178926 -0.849381937063 0.004664657126078102 0.006278650950992804
2.999 -0.34341753538609576 -0.268707748195 -0.849465936656 0.00024794936231098505 0.0001470634349342046
2.999 -1.6013851443709426e-05 -0.231337470049 0.849650153905 0.029664160979510332 0.025427988951320094
2.999 0.34353293474791363 0.731358901349 -0.849301157937 0.09787339049046455 0.10185885488977273
2.999 -0.34340120315376416 -0.268723451925 -0.849320915947 0.00010214987661611157 0.00017792209008340299
2.999 -3.1842212591578745e-05 -1.4436674344e-05 -0.000117252225354 0.005537740975175572 0.003863582068432715
2.999 0.34344160705533205 0.268691413956 0.84965466092 0.0351326694423055 0.031922529779153684
3.0 0.16272845403923228 0.400118332157 -0.599804507799 0.007055941505414979 0.008781826752700778
3.0 -0.30002857999166926 -0.600007504898 0.599874699581 0.011533363366727136 0.008848581255851992
3.0 -0.3000406316950199 -0.60001710568 0.599845512278 0.009448962967106168 0.007047465914903972
3.0 -0.3869438880040442 -0.400039351712 -0.599839274216 0.0004889944830887572 0.00011134829544046156
3.0 -0.1627269808223573 -0.400131353646 0.599860236395 0.017120402244694473 0.013811719079027004
3.0 -0.5243292703766261 -0.600035049386 -0.599833696756 0.0008522543966486925 0.0003226456510811506
3.0 -0.2621468929654303 -0.299988451426 -0.299928774587 0.002615042165216958 0.001479525958521142
3.0 0.593115645091031 0.70014907643 0.599905128398 0.0010563785109600906 0.0008948781001780497
3.0 0.056071335721545414 1.93328795586e-07 0.299931168255 0.010843785599951408 0.008509287561869614
3.0 0.5931140087150587 0.700145628486 0.599909044903 0.0010606447333765992 0.0008976974888633734
3.0 -0.4365068915937943 -0.499535000001 -0.499355000001 0.0009360753703604145 0.0003439607233740074
3.0 0.5930326438927953 0.700034892443 0.599880721136 0.001106043439337651 0.0009468038712576429
3.0 0.38690415030446246 0.399970909169 0.599878208765 0.010840733721753605 0.009288359073989876
3.0 0.5242877969964481 0.599962449488 0.599878623389 0.002303063674548084 0.0018262174169574664
3.0 -0.43692525678416705 -0.499970588727 -0.49999228718 0.0012743198988151832 0.000571861369975132
3.0 0.2498043418137854 0.499544 -0.499371000002 0.015448364954145522 0.017648380141492503
3.0 0.43652024336301876 0.499546 0.499386000001 0.002862327087226488 0.0022026183452616296
3.0 0.11218358288383064 6.19732756504e-05 0.599854872916 0.02216290727714742 0.01885132843286663
3.0 0.4365228041244812 0.499546909933 0.499396354202 0.002799594817898762 0.0021387923385900644
3.0 -0.4365213197482489 -0.499543717859 -0.499400143562 0.0009891367357214094 0.0003675000010203882
3.0 0.3868911529039911 0.399942401104 0.599913438696 0.013246231274406538 0.011535282812159897
3.0 0.16267018120209625 0.400035094305 -0.59981035359 0.008524049298499767 0.010417945030849763
3.0 -0.5242878251227422 -0.599952482296 -0.599915398847 0.0012581056758252107 0.0006042483961887668
3.0 -0.5928737439895619 -0.699849597985 -0.599711622591 0.0018461417629945878 0.001080535728196794
3.0 -0.11215104316899088 -2.97878523957e-05 -0.59979908147 6.457182187538736e-05 0.00019556367548984524
3.0 -0.162631245189146 -0.400019796971 0.599962415787 0.015198558397339051 0.012099503810985601
3.0 0.300042714583917 0.600009437459 -0.599806193362 0.036144289447665755 0.03905194173119569
3.0 0.1499533236565431 0.29994743038 -0.300056506985 0.00033424544050816743 0.0007839465784797089
3.0 0.30009065505123894 0.600059311023 -0.599733017627 0.032234537376363184 0.035004548791713525
3.0 -0.5928803193116583 -0.699858447602 -0.599714276313 0.0018322159301060387 0.001070955540521444
3.0 -0.5928914892352898 -0.699871915334 -0.599724537552 0.0018243248605024564 0.0010662556676727054
3.0 -0.5928840760523661 -0.699860591587 -0.599726493348 0.0018571449192034128 0.0010917542705308964
3.0 0.2621320827021228 0.299966368345 0.299930698346 0.004437435366632527 0.003291405617897921
3.0 0.14999047780208183 0.299966146612 -0.29992653913 0.0005889950232395624 0.0011797961055996686
3.0 -0.14998863266978982 -0.29996490158 0.29993183401 0.00964658828241986 0.007247047834222702
3.0 -0.2621304661859911 -0.299964616889 -0.299928487243 0.0019489965279034403 0.0009743064610565845
3.0 -0.38689555647798896 -0.39996579895 -0.599851017208 0.0011091479444483067 0.0004579035227885651
3.0 0.11219518261366282 4.33454057668e-05 0.59998537033 0.025461186452425795 0.021883216396002575
3.0 -0.11220892728696487 -7.34941479086e-05 -0.599948108885 0.00021959169694142478 9.6004284691145e-05
3.0 -4.267687074790596e-06 -1.10599045721e-05 1.78119030986e-05 0.004376549206421872 0.0029819086336099927
3.0 -0.4121456262540191 -0.599953930645 -4.88473555518e-05 0.002733132989511886 0.0015830152553332113
3.0 -3.827177736927211e-06 -1.05530324988e-05 1.83057071454e-05 0.004395688978937702 0.0029937083866480316
3.0 -0.33738517463699447 -0.599972302918 0.399920723315 0.006495131938910312 0.004560326349619872
3.0 0.48696355873314606 0.600038321843 0.399948279469 0.0002793088429548366 0.00037935997973033675
3.0 1.634670246310293e-06 2.42207546884e-06 -1.56017535415e-07 0.004260964688304285 0.002835654668465463
3.0 -0.33746873205649675 -0.600097982423 0.39993558169 0.008037003437150754 0.005877712216329007
3.0 4.740938442444005e-07 5.13207801879e-07 6.50170356391e-07 0.004147785488460325 0.0027395912840278993
3.0 -0.4869253461410199 -0.599958958593 -0.400035500741 0.0011587262598247575 0.0005007522524915531
3.0 -0.056124370354704585 -5.39594128582e-05 -0.300017289972 0.001433533091576881 0.0006989085715918355
3.0 0.33735145887349555 0.599935835445 -0.399967070945 0.025724109652665902 0.028096969608707615
3.0 0.41210767506965923 0.599913446783 -5.39756965129e-06 0.008251855315184839 0.00949336534208483
3.0 0.20604812895647479 0.299954647847 -2.56079073006e-05 0.0008717177785534918 0.0004584715088150792
3.0 -0.4122173756697601 -0.600053487394 -6.68161762669e-05 0.0037764996042793483 0.0024071722442113815
3.0 0.056088045805697644 -4.0481352936e-06 0.300036137872 0.013679730150382855 0.011053297889052582
3.0 0.524275261044469 0.599908166244 0.600011034004 0.0034937893485679316 0.0028966752062116064
3.0 -0.20617084850017675 -0.300108249055 -6.64164556496e-05 0.005295659120633329 0.00360376417360168
3.0 0.33744454373293464 0.60004388238 -0.399866174103 0.023988177402146944 0.026290952581251796
3.0 0.48699778151787393 0.600049507071 0.400090240243 0.0004417214617204186 0.00042171137426265615
3.0 -0.14991950433786946 -0.299890927331 0.300029786693 0.011238773560039479 0.008667218729854625
3.0 2.548365031585243e-06 2.23669198562e-06 5.41264062416e-06 0.0008719799003960964 0.00015564919055485607
3.0 -0.48692191862067813 -0.599968944129 -0.399980474136 0.0017014618294880284 0.0008829025884643608
3.0 0.4369346911925973 0.499969403661 0.500047107483 0.004947944515718463 0.0040677439271296955
3.0 0.26219276888975335 0.300023009161 0.300047185724 0.005936922475381884 0.004573438794462234
3.0 0.412135760169929 0.599951134148 6.34844797509e-06 0.0068182998016743926 0.007911868976353858
3.0 -0.20605982564134118 -0.299964800386 3.47100198462e-07 0.005706603551654775 0.003906429885816881
3.0 0.20606095565337668 0.29996624544 3.87529068264e-07 0.00038062662716372396 0.00013315743889376452
3.001 0.3431960176414629 0.499542999999 2.0572578985e-07 0.0046949416993519585 0.005862880336539275
3.001 -0.3431993756866734 -0.499548000001 2.06568101878e-07 0.003191478550248457 0.0018977360012822407
3.001 0.3431906721731964 0.499535 1.01200879812e-06 0.0020809904632983923 0.002848883446902984
3.001 0.34319881260422164 0.499547 4.56575262029e-07 0.002836079245971913 0.0037318123300422858
3.001 -0.3431819811884576 -0.499522999999 1.37834671804e-06 0.17717953123829824 0.17080359746313412
3.001 -0.34319381407389554 -0.499540000001 5.5678425188e-07 0.0033527218714101852 0.0020263400855194172
3.093 0.1715912456287956 0.352668790712 -0.400683131515 0.0023810961182940643 0.0034722094202383285
3.154 -0.4189122267412461 -0.799835090459 0.776581052306 0.00862528346412938 0.006357747943508938
3.16 0.6596980331907335 0.739856710376 0.799659753586 0.005064585760813781 0.004588639706543846
3.166 0.35700314276724554 0.560657701892 -0.194085035526 0.01106288633252064 0.012660700643580476
3.245 0.5234580453923645 0.54485194579 0.799661578366 0.017843236899497867 0.01633588987745518
3.272 -3.739318939533046e-05 -5.02970994357e-05 -1.09455792359e-05 0.004570692654581699 0.0030188507652987194
3.327 0.29380747710471045 0.522629038036 -0.448249975218 0.01728892721749432 0.01955405699081465
3.465 0.18672259547257158 0.299817896511 -0.171724324637 0.00015104296881185314 0.0002602161343696499
3.498 -4.617680681478082e-05 -5.86243045187e-05 -2.43295931047e-05 0.00489496076482902 0.003231682751971968
3.5 2.2441757753366095e-07 2.31274300383e-07 3.53322417139e-07 0.005551915661846465 0.003763484872216494
3.641 0.5145857865430633 0.800138385597 -0.426549528334 0.12252818814228138 0.12552981599323937
3.723 0.3075596259340777 0.427207286842 -0.0335325197842 0.00041846428303476447 0.0008183059746731833
3.803 0.07551996583174042 -0.0632926200764 0.799435478662 0.04162680831097107 0.03632463961712179
3.998 -0.4799912934846364 -0.800053029362 0.799454530606 0.004553976834604584 0.0030485206553680496
3.999 0.11692111938087174 2.82471022101e-05 0.799444299467 0.04032203315984164 0.03534059558999277
3.999 -0.4153715462800275 -0.400044698189 -0.7993041596 0.0008440816342699213 0.0003910146436229223
3.999 -0.1816310175678015 -0.400122375595 0.799573508649 0.01865437824757457 0.014718845096404629
3.999 -0.7139119707707311 -0.800149097273 -0.799330716402 0.006785706312608249 0.00554621773837989
3.999 0.18160153214929653 0.400044108074 -0.799375777034 0.01878392449417975 0.021768024713577964
3.999 -0.116979175811254 -0.000116624219964 -0.799390370462 0.00037403104113401507 0.000663074108573493
3.999 0.41532046005437295 0.399937402063 0.799502293249 0.03363431672227536 0.030646267008969785
4.0 3.0537826224625415e-05 5.76650456278e-05 -8.54444481812e-05 0.006854147606181356 0.004724707411017814
4.0 -0.53855632561701 -0.800104103114 0.399994744543 0.003196700848271747 0.0021091426178693525
4.0 0.2985171932156363 0.400065580042 -6.57915117762e-05 0.00020601914644021466 0.00029903171778674167
4.0 -0.0585161553946886 -4.20197536287e-05 -0.400047364042 0.0007178009909548104 0.0002758102339306008
4.0 0.058529736738566526 8.81524586098e-05 0.399904796377 0.019460360736214433 0.015833988874923547
4.0 -0.29859415612121876 -0.400157996595 1.10551569418e-05 0.005064846858347169 0.003131111694507047
4.0 0.655531390990324 0.800139680142 0.399955771933 0.01738253803686833 0.018172855951876992
4.0 6.7186754333303e-06 1.19525990708e-05 -1.50504134191e-05 0.00527911976592668 0.0034475041215609407
4.0 -0.5970104060192488 -0.800084059375 5.52061940001e-05 0.00393051564248551 0.002672913685223821
4.0 -0.6554211482238517 -0.799993364421 -0.399948502501 0.003988699515897542 0.002928004808694439
4.001 -3.715014226643087e-05 -5.6267346621e-05 3.31066344035e-05 0.005605542707935653 0.003712697912664336
4.056 0.11925277618032198 0.313424005219 -0.799411218475 0.009642009025167268 0.011972784734747537
4.067 -0.327622607709249 -0.283524531349 -0.799219201717 0.0007350595613767515 0.00033577730148142613
4.186 -0.6523928700098002 -0.800181962085 -0.344443428799 0.0031900093061913992 0.002302604685929651
4.367 0.7160838662352476 0.797744291588 0.795397073627 0.0023240107321946526 0.0021195161052067757
4.499 -2.229964893297484e-05 -3.10587804758e-05 1.18124463214e-05 0.005226068260424372 0.0033456632364113584
4.5 1.9956287198823652e-07 2.095393547e-07 2.92914154429e-07 0.0054871135864707835 0.00354958996661161
4.671 -0.28318688202232756 -0.497006150578 0.799291167681 0.01013705395019899 0.007192401025557128
4.978 0.5107967818385452 0.613095385341 0.240620025871 0.0029808659634827277 0.003545889683692862
5.0 2.781054874654828e-07 2.96792814661e-07 3.72123188718e-07 0.005113566997888743 0.0032086043723925386
5.0 2.7798809719940214e-07 2.96839923684e-07 3.70835704136e-07 0.005110985293281238 0.003217610538644696
5.0 2.149697512984877e-07 2.32159011654e-07 2.69647768421e-07 0.005116636485625662 0.0032268388642637163
5.0 -0.7078635765809608 -0.89987087073 -4.59671177912e-06 0.014436038058284589 0.013111782150098906
5.0 -0.7079330690712566 -0.899959478954 -2.85313334399e-06 0.004339327141252326 0.0038008361968621344
5.002 0.3929937134472659 0.49955 5.35882219171e-07 0.004089401801027327 0.005335922408031989
5.002 -0.39299279546503385 -0.499549 5.58927267666e-07 0.001657204313064279 0.0006614670729969096
5.039 5.4977101564814365e-06 8.79811179842e-06 -1.20437265333e-05 0.005025249646465523 0.0031523762212432023
5.5 2.354834093650952e-07 2.51334069115e-07 3.07247729589e-07 0.005103464554191399 0.003198455617420921
5.516 -0.7191809417304398 -0.800165542008 -0.699340907901 0.006422610534547481 0.006306751308270269
5.522 -3.140664006295637e-05 -3.70291220576e-05 -1.52420333188e-05 0.0048762705639157486 0.0030196947418534383
5.638 0.6536387793869538 0.769754469818 0.306333989297 0.026071447538206307 0.027002723341358212
5.681 0.25061886418642 0.407924431624 -0.7371860791 0.025963412417574515 0.02954373831191002
5.839 0.6164221221034905 0.657564262372 0.792533257678 0.01756318904783793 0.016312621887219665
5.868 0.1851673163734664 0.125766491394 0.799609983831 0.047524612682114185 0.04204909539606845
5.937 -0.1292199029344509 -0.0630909225336 -0.758200668638 0.00046883670105919473 0.0008839393968190639
6.0 -4.488614386769216e-06 -4.34440583246e-06 -9.28140729749e-06 0.005036576368316903 0.003068821101228942
6.0 4.1691565376195326e-07 4.5272937406e-07 4.67194783085e-07 0.005900195232568648 0.003805531527795785
6.038 0.6683961817804863 0.799932777019 0.147520489834 0.0707278178075052 0.07211335111562124
6.118 -0.587950720957602 -0.800020655995 0.672689436685 0.001753930656712272 0.0016012252780573308
6.278 -0.07012689625062879 0.00949044599538 -0.798977072587 0.0008783496874896629 0.0018071058165493026
6.464 -0.6188758264222459 -0.656582314499 -0.799069295387 0.001923125644462016 0.0018434767424524985
6.482 0.5658288656873458 0.720401043827 -0.31923254095 0.11945271366398821 0.12228183875796253
6.5 5.760654226619009e-07 6.32855013315e-07 5.52357995811e-07 0.004453415879780501 0.0027203290610245284
6.535 -0.07364445916360556 -0.0522860392989 -0.322541600486 0.0008853066471612532 0.0004398092755809141
6.58 1.6083275139692213e-05 2.50980216757e-05 -5.07105242186e-05 0.00442608937162729 0.0026513962624470228
6.586 -0.6054305835295289 -0.709621960444 -0.178523588803 0.001096569482640006 0.0010954855101104296
6.589 -0.6486326541561367 -0.789279466255 0.067288608463 0.0016966223149203867 0.0018853879172035719
6.945 -0.35635429456918816 -0.481394701355 0.524815031624 0.001301177285943772 0.0008336964236646849
7.0 0.5029373364719503 0.600008862767 -1.70983203915e-05 0.006731748048784245 0.007254836160112048
7.0 -0.5029291544922085 -0.599996997005 -2.89881401595e-06 0.002350221052597937 0.0020566895310896753
7.0 6.300848033020822e-07 6.90401266281e-07 5.82383732422e-07 0.003738187160885361 0.0022677800679334224
7.0 3.1526299366625795e-06 3.78251440966e-06 -2.03421080588e-07 0.00561025508137799 0.0040455392846654396
7.001 -0.3351790975515781 -0.39986107182 -1.32088465666e-06 0.0005964071003015043 0.00015785056395269838
7.001 0.33518388943032534 0.399866999659 -6.8648400485e-07 0.00018442533425261443 0.000507174719705715
7.001 -0.3351836506260363 -0.399866580565 -5.88880036338e-07 0.0006906509534649085 0.0002145180101962914
7.001 0.3351753569514303 0.399856443433 2.89776520801e-06 0.00018892693364767936 0.0005528622827158418
7.187 -7.983155471635293e-07 1.55253061236e-06 -2.44547691377e-05 0.004003941632705563 0.0023971684537025017
7.411 -0.5773111275481999 -0.61019369966 -0.73102349434 0.0007239043101725187 0.0007648363237060682
7.5 6.536554008913199e-07 7.13139416956e-07 5.95962643468e-07 0.0036146984920635804 0.0021711136189772494
7.748 -0.23308358113005062 -0.20028311741 -0.778847969759 0.0006891716983611269 0.0009717484307310074
7.761 8.025812491367462e-06 1.31920507257e-05 -4.00789427319e-05 0.004128992770484837 0.0025555955674043773
7.809 -0.45475806914567246 -0.608065856225 0.79948651348 0.0012700099788573065 0.0011434491186245893
7.953 -0.7200130975181174 -0.800141087454 -0.458841196123 0.002267500484823364 0.0037263636992287616
7.997 0.472298697800284 0.483879364475 0.747863287147 0.03671596078852101 0.03373206298108656
7.997 -0.6222779514594935 -0.800081791609 0.799422203386 0.001383169431901083 0.0014227203001924902
7.997 -0.7467190106856408 -0.799956583473 -0.798879820756 0.003826316021714648 0.006919065432330171
7.997 -0.5751201266559347 -0.603631990822 -0.752452418043 0.0008464980538431459 0.0006939204541645728
7.998 -0.7704302849293805 -0.900407294693 -2.13658499777e-05 0.003407182778941023 0.006632850730708039
7.998 0.1848260747609127 0.284438831601 -0.751480097734 0.010739846647286696 0.013483384323247416
7.999 0.4723755794962977 0.595577791993 -0.477961834173 0.07132981387557379 0.07456509244093312
7.999 -0.6146511147645796 -0.737223078647 0.207443309863 0.0016525215627868248 0.0013405423232069691
7.999 0.006183305770624061 0.0778726348925 -0.775914197893 0.000689078790815271 0.0012392179544466857
8.0 -0.34022104962768795 -0.397739663849 0.00147795234662 0.002575461897113719 0.0017984775735773472
8.0 0.11428263993221917 0.123660418868 0.108724548002 0.0075885508930899235 0.0056307624683545
8.003 -0.4274838096565178 -0.499559 4.96475638347e-07 0.00040383462833849283 0.00048292369443253585
8.267 8.679557645908517e-07 1.01733497846e-06 -8.82377218943e-08 0.003956088493280973 0.0025019165484938023
8.5 8.058963634290838e-07 8.72017732937e-07 7.24117931329e-07 0.3083882408318761 0.3076713425108798
8.729 -3.341220381284822e-06 -1.11252347674e-06 -3.31258564929e-05 0.0036597694204760288 0.002408484853041273
9.0 8.236759837182383e-07 8.87386321041e-07 7.44042960438e-07 0.3048999074088745 0.3070551325172465
9.167 9.845322010005425e-06 1.18264398763e-05 -6.78784793694e-06 0.004206418596168625 0.002805554677468573
9.2 -2.065428207291246e-06 -2.2533840531e-06 -1.46366981843e-06 0.004884409708889519 0.003328847585554787
9.5 8.437327921999538e-07 9.05591356723e-07 7.64086206008e-07 0.2879252102002565 0.2910909297378769
9.663 -3.1221983036552446e-07 1.67300203258e-06 -2.73073909536e-05 0.007589234215150262 0.005606920936090094
9.99 1.0383393521387238e-05 1.2811356145e-05 -1.43388986515e-05 0.0040701444725460756 0.0029176542478309983
10.0 3.2258536837409007e-06 3.65619772075e-06 5.78387980902e-08 0.004934413694009285 0.0035072732234849406
10.0 8.200978298121467e-07 8.74404515105e-07 7.84036176137e-07 0.2783306997542685 0.2858238388777028
